BOCS
N 2801

1	1	56.8277	56.9896
2	1.005	56.54276	56.8468
3	1.01	56.25924	56.5619
4	1.015	55.97714	56.27844
5	1.02	55.69645	55.99639
6	1.025	55.41717	55.71576
7	1.03	55.1393	55.43653
8	1.035	54.86281	55.1587
9	1.04	54.58771	54.88227
10	1.045	54.31399	54.60722
11	1.05	54.04164	54.33355
12	1.055	53.77065	54.06125
13	1.06	53.50102	53.79032
14	1.065	53.23275	53.52074
15	1.07	52.96582	53.25252
16	1.075	52.70022	52.98563
17	1.08	52.43596	52.72009
18	1.085	52.17302	52.45588
19	1.09	51.9114	52.19299
20	1.095	51.65109	51.93142
21	1.1	51.39209	51.67116
22	1.105	51.13438	51.4122
23	1.11	50.87796	51.15454
24	1.115	50.62283	50.89818
25	1.12	50.36898	50.64309
26	1.125	50.1164	50.38929
27	1.13	49.86509	50.13676
28	1.135	49.61504	49.88549
29	1.14	49.36623	49.63549
30	1.145	49.11868	49.38673
31	1.15	48.87237	49.13922
32	1.155	48.62729	48.89296
33	1.16	48.38344	48.64792
34	1.165	48.14081	48.40412
35	1.17	47.8994	48.16154
36	1.175	47.65919	47.92017
37	1.18	47.4202	47.68001
38	1.185	47.18239	47.44106
39	1.19	46.94578	47.2033
40	1.195	46.71036	46.96674
41	1.2	46.47612	46.73136
42	1.205	46.24305	46.49716
43	1.21	46.01115	46.26413
44	1.215	45.78041	46.03227
45	1.22	45.55082	45.80158
46	1.225	45.32239	45.57204
47	1.23	45.0951	45.34365
48	1.235	44.86895	45.1164
49	1.24	44.64394	44.8903
50	1.245	44.42005	44.66532
51	1.25	44.19729	44.44148
52	1.255	43.97564	44.21876
53	1.26	43.7551	43.99715
54	1.265	43.53566	43.77665
55	1.27	43.31733	43.55726
56	1.275	43.10009	43.33897
57	1.28	42.88394	43.12177
58	1.285	42.66887	42.90566
59	1.29	42.45488	42.69063
60	1.295	42.24197	42.47668
61	1.3	42.03012	42.26381
62	1.305	41.81933	42.052
63	1.31	41.6096	41.84125
64	1.315	41.40092	41.63156
65	1.32	41.19328	41.42291
66	1.325	40.98669	41.21532
67	1.33	40.78113	41.00876
68	1.335	40.5766	40.80324
69	1.34	40.3731	40.59875
70	1.345	40.17061	40.39529
71	1.35	39.96914	40.19284
72	1.355	39.76868	39.99141
73	1.36	39.56923	39.79099
74	1.365	39.37077	39.59157
75	1.37	39.17331	39.39315
76	1.375	38.97684	39.19573
77	1.38	38.78136	38.9993
78	1.385	38.58685	38.80385
79	1.39	38.39332	38.60938
80	1.395	38.20076	38.41588
81	1.4	38.00916	38.22336
82	1.405	37.81852	38.0318
83	1.41	37.62884	37.84119
84	1.415	37.44011	37.65155
85	1.42	37.25233	37.46285
86	1.425	37.06548	37.2751
87	1.43	36.87958	37.0883
88	1.435	36.6946	36.90242
89	1.44	36.51055	36.71748
90	1.445	36.32742	36.53347
91	1.45	36.14522	36.35038
92	1.455	35.96392	36.1682
93	1.46	35.78353	35.98694
94	1.465	35.60405	35.80659
95	1.47	35.42547	35.62714
96	1.475	35.24778	35.44859
97	1.48	35.07098	35.27094
98	1.485	34.89507	35.09417
99	1.49	34.72004	34.91829
100	1.495	34.54589	34.7433
101	1.5	34.37261	34.56918
102	1.505	34.2002	34.39593
103	1.51	34.02865	34.22355
104	1.515	33.85796	34.05203
105	1.52	33.68813	33.88138
106	1.525	33.51915	33.71158
107	1.53	33.35101	33.54263
108	1.535	33.18372	33.37453
109	1.54	33.01727	33.20727
110	1.545	32.85165	33.04084
111	1.55	32.68686	32.87525
112	1.555	32.5229	32.7105
113	1.56	32.35975	32.54656
114	1.565	32.19743	32.38345
115	1.57	32.03592	32.22116
116	1.575	31.87522	32.05968
117	1.58	31.71532	31.89901
118	1.585	31.55623	31.73914
119	1.59	31.39793	31.58008
120	1.595	31.24043	31.42181
121	1.6	31.08371	31.26434
122	1.605	30.92778	31.10765
123	1.61	30.77264	30.95175
124	1.615	30.61827	30.79663
125	1.62	30.46467	30.64229
126	1.625	30.31184	30.48873
127	1.63	30.15978	30.33593
128	1.635	30.00848	30.1839
129	1.64	29.85794	30.03263
130	1.645	29.70816	29.88211
131	1.65	29.55912	29.73236
132	1.655	29.41083	29.58335
133	1.66	29.26329	29.43509
134	1.665	29.11648	29.28757
135	1.67	28.97041	29.14079
136	1.675	28.82508	28.99475
137	1.68	28.68047	28.84944
138	1.685	28.53658	28.70486
139	1.69	28.39342	28.561
140	1.695	28.25097	28.41786
141	1.7	28.10924	28.27544
142	1.705	27.96822	28.13374
143	1.71	27.8279	27.99274
144	1.715	27.68829	27.85245
145	1.72	27.54938	27.71287
146	1.725	27.41116	27.57398
147	1.73	27.27364	27.43579
148	1.735	27.1368	27.29829
149	1.74	27.00065	27.16149
150	1.745	26.86519	27.02536
151	1.75	26.7304	26.88992
152	1.755	26.59629	26.75516
153	1.76	26.46285	26.62107
154	1.765	26.33008	26.48766
155	1.77	26.19797	26.35491
156	1.775	26.06653	26.22283
157	1.78	25.93574	26.09141
158	1.785	25.80561	25.96065
159	1.79	25.67614	25.83055
160	1.795	25.54731	25.7011
161	1.8	25.41913	25.57229
162	1.805	25.29159	25.44413
163	1.81	25.16468	25.31662
164	1.815	25.03842	25.18974
165	1.82	24.91279	25.0635
166	1.825	24.78778	24.93789
167	1.83	24.66341	24.81291
168	1.835	24.53966	24.68856
169	1.84	24.41652	24.56483
170	1.845	24.29401	24.44172
171	1.85	24.17211	24.31923
172	1.855	24.05082	24.19735
173	1.86	23.93013	24.07608
174	1.865	23.81005	23.95542
175	1.87	23.69058	23.83536
176	1.875	23.5717	23.71591
177	1.88	23.45342	23.59706
178	1.885	23.33573	23.4788
179	1.89	23.21863	23.36113
180	1.895	23.10212	23.24405
181	1.9	22.98619	23.12756
182	1.905	22.87084	23.01166
183	1.91	22.75607	22.89633
184	1.915	22.64188	22.78158
185	1.92	22.52826	22.66741
186	1.925	22.41521	22.55381
187	1.93	22.30272	22.44078
188	1.935	22.1908	22.32831
189	1.94	22.07944	22.21641
190	1.945	21.96863	22.10507
191	1.95	21.85839	21.99429
192	1.955	21.74869	21.88406
193	1.96	21.63955	21.77439
194	1.965	21.53095	21.66526
195	1.97	21.42289	21.55669
196	1.975	21.31538	21.44865
197	1.98	21.20841	21.34116
198	1.985	21.10197	21.23421
199	1.99	20.99606	21.12779
200	1.995	20.89069	21.0219
201	2	20.78585	20.91655
202	2.005	20.68153	20.81172
203	2.01	20.57773	20.70742
204	2.015	20.47445	20.60365
205	2.02	20.37169	20.50039
206	2.025	20.26945	20.39765
207	2.03	20.16772	20.29542
208	2.035	20.06649	20.19371
209	2.04	19.96578	20.09251
210	2.045	19.86557	19.99181
211	2.05	19.76586	19.89162
212	2.055	19.66665	19.79193
213	2.06	19.56794	19.69274
214	2.065	19.46972	19.59405
215	2.07	19.372	19.49585
216	2.075	19.27477	19.39815
217	2.08	19.17802	19.30093
218	2.085	19.08176	19.2042
219	2.09	18.98598	19.10796
220	2.095	18.89068	19.0122
221	2.1	18.79585	18.91691
222	2.105	18.70151	18.82211
223	2.11	18.60763	18.72778
224	2.115	18.51423	18.63392
225	2.12	18.42129	18.54054
226	2.125	18.32882	18.44762
227	2.13	18.23682	18.35517
228	2.135	18.14527	18.26318
229	2.14	18.05419	18.17165
230	2.145	17.96356	18.08058
231	2.15	17.87338	17.98997
232	2.155	17.78366	17.89981
233	2.16	17.69438	17.8101
234	2.165	17.60556	17.72084
235	2.17	17.51717	17.63203
236	2.175	17.42924	17.54367
237	2.18	17.34174	17.45575
238	2.185	17.25468	17.36827
239	2.19	17.16805	17.28122
240	2.195	17.08187	17.19462
241	2.2	16.99611	17.10844
242	2.205	16.91078	17.0227
243	2.21	16.82588	16.93739
244	2.215	16.74141	16.85251
245	2.22	16.65736	16.76805
246	2.225	16.57373	16.68401
247	2.23	16.49052	16.6004
248	2.235	16.40772	16.5172
249	2.24	16.32534	16.43443
250	2.245	16.24338	16.35206
251	2.25	16.16182	16.27011
252	2.255	16.08068	16.18857
253	2.26	15.99994	16.10744
254	2.265	15.9196	16.02672
255	2.27	15.83967	15.9464
256	2.275	15.76014	15.86648
257	2.28	15.68101	15.78697
258	2.285	15.60227	15.70785
259	2.29	15.52393	15.62913
260	2.295	15.44598	15.5508
261	2.3	15.36842	15.47286
262	2.305	15.29125	15.39532
263	2.31	15.21447	15.31816
264	2.315	15.13807	15.2414
265	2.32	15.06205	15.16501
266	2.325	14.98642	15.08901
267	2.33	14.91116	15.01339
268	2.335	14.83628	14.93815
269	2.34	14.76178	14.86328
270	2.345	14.68765	14.78879
271	2.35	14.61389	14.71468
272	2.355	14.5405	14.64093
273	2.36	14.46748	14.56756
274	2.365	14.39483	14.49455
275	2.37	14.32254	14.42191
276	2.375	14.25061	14.34963
277	2.38	14.17904	14.27772
278	2.385	14.10783	14.20617
279	2.39	14.03698	14.13497
280	2.395	13.96648	14.06413
281	2.4	13.89634	13.99365
282	2.405	13.82655	13.92352
283	2.41	13.7571	13.85374
284	2.415	13.68801	13.78431
285	2.42	13.61926	13.71523
286	2.425	13.55086	13.64649
287	2.43	13.4828	13.5781
288	2.435	13.41508	13.51005
289	2.44	13.34769	13.44234
290	2.445	13.28065	13.37498
291	2.45	13.21395	13.30795
292	2.455	13.14757	13.24125
293	2.46	13.08153	13.17489
294	2.465	13.01582	13.10886
295	2.47	12.95044	13.04317
296	2.475	12.88539	12.9778
297	2.48	12.82067	12.91276
298	2.485	12.75626	12.84805
299	2.49	12.69219	12.78366
300	2.495	12.62843	12.71959
301	2.5	12.56499	12.65584
302	2.505	12.50187	12.59242
303	2.51	12.43907	12.52931
304	2.515	12.37658	12.46652
305	2.52	12.3144	12.40404
306	2.525	12.25254	12.34188
307	2.53	12.19098	12.28002
308	2.535	12.12974	12.21848
309	2.54	12.0688	12.15725
310	2.545	12.00816	12.09632
311	2.55	11.94783	12.0357
312	2.555	11.88781	11.97538
313	2.56	11.82808	11.91536
314	2.565	11.76865	11.85565
315	2.57	11.70952	11.79623
316	2.575	11.65069	11.73711
317	2.58	11.59215	11.67829
318	2.585	11.53391	11.61976
319	2.59	11.47595	11.56153
320	2.595	11.41829	11.50359
321	2.6	11.36092	11.44594
322	2.605	11.30383	11.38857
323	2.61	11.24703	11.3315
324	2.615	11.19052	11.27471
325	2.62	11.13429	11.2182
326	2.625	11.07834	11.16198
327	2.63	11.02267	11.10604
328	2.635	10.96728	11.05038
329	2.64	10.91216	10.995
330	2.645	10.85733	10.9399
331	2.65	10.80276	10.88507
332	2.655	10.74847	10.83052
333	2.66	10.69446	10.77624
334	2.665	10.64071	10.72224
335	2.67	10.58724	10.6685
336	2.675	10.53403	10.61504
337	2.68	10.48109	10.56184
338	2.685	10.42841	10.50891
339	2.69	10.376	10.45624
340	2.695	10.32385	10.40384
341	2.7	10.27196	10.3517
342	2.705	10.22033	10.29982
343	2.71	10.16896	10.2482
344	2.715	10.11785	10.19684
345	2.72	10.06699	10.14574
346	2.725	10.01639	10.09489
347	2.73	9.96604	10.0443
348	2.735	9.91595	9.99396
349	2.74	9.8661	9.94387
350	2.745	9.81651	9.89404
351	2.75	9.76716	9.84445
352	2.755	9.71806	9.79512
353	2.76	9.66921	9.74603
354	2.765	9.6206	9.69718
355	2.77	9.57224	9.64859
356	2.775	9.52412	9.60023
357	2.78	9.47624	9.55212
358	2.785	9.4286	9.50425
359	2.79	9.38119	9.45662
360	2.795	9.33403	9.40922
361	2.8	9.2871	9.36207
362	2.805	9.24041	9.31515
363	2.81	9.19395	9.26846
364	2.815	9.14772	9.22201
365	2.82	9.10173	9.1758
366	2.825	9.05597	9.12981
367	2.83	9.01043	9.08406
368	2.835	8.96513	9.03853
369	2.84	8.92005	8.99323
370	2.845	8.87519	8.94816
371	2.85	8.83057	8.90332
372	2.855	8.78616	8.8587
373	2.86	8.74198	8.8143
374	2.865	8.69802	8.77013
375	2.87	8.65428	8.72617
376	2.875	8.61076	8.68244
377	2.88	8.56745	8.63893
378	2.885	8.52437	8.59563
379	2.89	8.4815	8.55256
380	2.895	8.43884	8.50969
381	2.9	8.3964	8.46705
382	2.905	8.35417	8.42461
383	2.91	8.31215	8.38239
384	2.915	8.27035	8.34038
385	2.92	8.22875	8.29858
386	2.925	8.18736	8.25699
387	2.93	8.14618	8.21561
388	2.935	8.1052	8.17444
389	2.94	8.06444	8.13347
390	2.945	8.02387	8.09271
391	2.95	7.98351	8.05215
392	2.955	7.94335	8.0118
393	2.96	7.90339	7.97165
394	2.965	7.86363	7.9317
395	2.97	7.82407	7.89195
396	2.975	7.78471	7.85239
397	2.98	7.74555	7.81304
398	2.985	7.70658	7.77389
399	2.99	7.66781	7.73493
400	2.995	7.62923	7.69616
401	3	7.59085	7.65759
402	3.005	7.55266	7.61921
403	3.01	7.51466	7.58103
404	3.015	7.47685	7.54304
405	3.02	7.43923	7.50523
406	3.025	7.40179	7.46762
407	3.03	7.36455	7.43019
408	3.035	7.32749	7.39296
409	3.04	7.29062	7.35591
410	3.045	7.25393	7.31904
411	3.05	7.21743	7.28236
412	3.055	7.18111	7.24587
413	3.06	7.14497	7.20955
414	3.065	7.10901	7.17342
415	3.07	7.07324	7.13747
416	3.075	7.03764	7.1017
417	3.08	7.00222	7.06611
418	3.085	6.96698	7.0307
419	3.09	6.93191	6.99546
420	3.095	6.89702	6.9604
421	3.1	6.86231	6.92552
422	3.105	6.82777	6.89081
423	3.11	6.7934	6.85628
424	3.115	6.75921	6.82192
425	3.12	6.72518	6.78773
426	3.125	6.69133	6.75371
427	3.13	6.65765	6.71986
428	3.135	6.62413	6.68619
429	3.14	6.59078	6.65268
430	3.145	6.5576	6.61934
431	3.15	6.52459	6.58616
432	3.155	6.49174	6.55316
433	3.16	6.45906	6.52031
434	3.165	6.42654	6.48764
435	3.17	6.39418	6.45512
436	3.175	6.36199	6.42277
437	3.18	6.32995	6.39058
438	3.185	6.29808	6.35856
439	3.19	6.26637	6.32669
440	3.195	6.23481	6.29498
441	3.2	6.20342	6.26343
442	3.205	6.17218	6.23204
443	3.21	6.1411	6.20081
444	3.215	6.11017	6.16974
445	3.22	6.0794	6.13882
446	3.225	6.04878	6.10805
447	3.23	6.01832	6.07744
448	3.235	5.98801	6.04698
449	3.24	5.95785	6.01668
450	3.245	5.92784	5.98652
451	3.25	5.89799	5.95652
452	3.255	5.86828	5.92667
453	3.26	5.83872	5.89697
454	3.265	5.80931	5.86741
455	3.27	5.78004	5.83801
456	3.275	5.75093	5.80875
457	3.28	5.72196	5.77964
458	3.285	5.69313	5.75067
459	3.29	5.66445	5.72185
460	3.295	5.63591	5.69318
461	3.3	5.60752	5.66465
462	3.305	5.57927	5.63626
463	3.31	5.55116	5.60801
464	3.315	5.52319	5.5799
465	3.32	5.49536	5.55194
466	3.325	5.46767	5.52412
467	3.33	5.44012	5.49643
468	3.335	5.4127	5.46889
469	3.34	5.38543	5.44148
470	3.345	5.35829	5.41421
471	3.35	5.33128	5.38707
472	3.355	5.30442	5.36008
473	3.36	5.27768	5.33321
474	3.365	5.25109	5.30648
475	3.37	5.22462	5.27989
476	3.375	5.19829	5.25343
477	3.38	5.17209	5.2271
478	3.385	5.14602	5.20091
479	3.39	5.12008	5.17484
480	3.395	5.09427	5.14891
481	3.4	5.06859	5.1231
482	3.405	5.04304	5.09743
483	3.41	5.01761	5.07188
484	3.415	4.99232	5.04646
485	3.42	4.96715	5.02117
486	3.425	4.94211	4.99601
487	3.43	4.91719	4.97097
488	3.435	4.8924	4.94606
489	3.44	4.86773	4.92127
490	3.445	4.84318	4.8966
491	3.45	4.81876	4.87207
492	3.455	4.79446	4.84765
493	3.46	4.77028	4.82335
494	3.465	4.74623	4.79918
495	3.47	4.72229	4.77513
496	3.475	4.69848	4.7512
497	3.48	4.67478	4.72739
498	3.485	4.6512	4.7037
499	3.49	4.62774	4.68012
500	3.495	4.6044	4.65667
501	3.5	4.58118	4.63333
502	3.505	4.55807	4.61011
503	3.51	4.53508	4.587
504	3.515	4.5122	4.56402
505	3.52	4.48944	4.54114
506	3.525	4.46679	4.51839
507	3.53	4.44425	4.49574
508	3.535	4.42183	4.47321
509	3.54	4.39952	4.45079
510	3.545	4.37732	4.42849
511	3.55	4.35524	4.40629
512	3.555	4.33326	4.38421
513	3.56	4.31139	4.36224
514	3.565	4.28964	4.34038
515	3.57	4.26799	4.31862
516	3.575	4.24645	4.29698
517	3.58	4.22502	4.27545
518	3.585	4.2037	4.25402
519	3.59	4.18248	4.2327
520	3.595	4.16137	4.21149
521	3.6	4.14036	4.19038
522	3.605	4.11947	4.16938
523	3.61	4.09867	4.14848
524	3.615	4.07798	4.12769
525	3.62	4.05739	4.10701
526	3.625	4.03691	4.08642
527	3.63	4.01653	4.06594
528	3.635	3.99625	4.04557
529	3.64	3.97607	4.02529
530	3.645	3.956	4.00512
531	3.65	3.93602	3.98505
532	3.655	3.91615	3.96508
533	3.66	3.89637	3.9452
534	3.665	3.8767	3.92543
535	3.67	3.85712	3.90576
536	3.675	3.83764	3.88619
537	3.68	3.81826	3.86671
538	3.685	3.79897	3.84733
539	3.69	3.77978	3.82805
540	3.695	3.76069	3.80887
541	3.7	3.74169	3.78978
542	3.705	3.72279	3.77078
543	3.71	3.70399	3.75189
544	3.715	3.68527	3.73308
545	3.72	3.66666	3.71437
546	3.725	3.64813	3.69576
547	3.73	3.6297	3.67724
548	3.735	3.61136	3.65881
549	3.74	3.59311	3.64047
550	3.745	3.57495	3.62223
551	3.75	3.55689	3.60407
552	3.755	3.53891	3.58601
553	3.76	3.52103	3.56804
554	3.765	3.50323	3.55016
555	3.77	3.48553	3.53237
556	3.775	3.46791	3.51466
557	3.78	3.45038	3.49705
558	3.785	3.43294	3.47952
559	3.79	3.41558	3.46209
560	3.795	3.39832	3.44473
561	3.8	3.38114	3.42747
562	3.805	3.36404	3.41029
563	3.81	3.34703	3.3932
564	3.815	3.33011	3.3762
565	3.82	3.31327	3.35928
566	3.825	3.29652	3.34244
567	3.83	3.27985	3.32569
568	3.835	3.26326	3.30902
569	3.84	3.24676	3.29244
570	3.845	3.23034	3.27594
571	3.85	3.214	3.25952
572	3.855	3.19774	3.24319
573	3.86	3.18157	3.22693
574	3.865	3.16547	3.21076
575	3.87	3.14946	3.19467
576	3.875	3.13352	3.17866
577	3.88	3.11767	3.16273
578	3.885	3.1019	3.14688
579	3.89	3.0862	3.13111
580	3.895	3.07059	3.11542
581	3.9	3.05505	3.0998
582	3.905	3.03959	3.08427
583	3.91	3.02421	3.06881
584	3.915	3.0089	3.05343
585	3.92	2.99367	3.03813
586	3.925	2.97852	3.0229
587	3.93	2.96344	3.00775
588	3.935	2.94844	2.99268
589	3.94	2.93352	2.97768
590	3.945	2.91866	2.96276
591	3.95	2.90389	2.94791
592	3.955	2.88919	2.93314
593	3.96	2.87456	2.91844
594	3.965	2.86	2.90381
595	3.97	2.84552	2.88926
596	3.975	2.83111	2.87478
597	3.98	2.81677	2.86037
598	3.985	2.8025	2.84603
599	3.99	2.78831	2.83177
600	3.995	2.77419	2.81758
601	4	2.76013	2.80346
602	4.005	2.74615	2.78941
603	4.01	2.73224	2.77543
604	4.015	2.7184	2.76152
605	4.02	2.70463	2.74768
606	4.025	2.69092	2.73391
607	4.03	2.67729	2.72021
608	4.035	2.66372	2.70658
609	4.04	2.65022	2.69301
610	4.045	2.63679	2.67952
611	4.05	2.62343	2.66609
612	4.055	2.61013	2.65273
613	4.06	2.5969	2.63943
614	4.065	2.58373	2.6262
615	4.07	2.57064	2.61304
616	4.075	2.5576	2.59995
617	4.08	2.54464	2.58692
618	4.085	2.53173	2.57395
619	4.09	2.5189	2.56105
620	4.095	2.50612	2.54822
621	4.1	2.49341	2.53545
622	4.105	2.48077	2.52274
623	4.11	2.46819	2.5101
624	4.115	2.45567	2.49752
625	4.12	2.44321	2.485
626	4.125	2.43082	2.47255
627	4.13	2.41849	2.46016
628	4.135	2.40622	2.44783
629	4.14	2.39401	2.43556
630	4.145	2.38186	2.42335
631	4.15	2.36978	2.41121
632	4.155	2.35775	2.39912
633	4.16	2.34578	2.3871
634	4.165	2.33388	2.37514
635	4.17	2.32203	2.36323
636	4.175	2.31025	2.35139
637	4.18	2.29852	2.33961
638	4.185	2.28685	2.32788
639	4.19	2.27524	2.31621
640	4.195	2.26369	2.30461
641	4.2	2.25219	2.29306
642	4.205	2.24076	2.28156
643	4.21	2.22938	2.27013
644	4.215	2.21806	2.25875
645	4.22	2.20679	2.24743
646	4.225	2.19558	2.23617
647	4.23	2.18443	2.22496
648	4.235	2.17333	2.21381
649	4.24	2.16229	2.20272
650	4.245	2.1513	2.19168
651	4.25	2.14037	2.18069
652	4.255	2.1295	2.16977
653	4.26	2.11868	2.15889
654	4.265	2.10791	2.14807
655	4.27	2.0972	2.13731
656	4.275	2.08654	2.1266
657	4.28	2.07593	2.11594
658	4.285	2.06538	2.10533
659	4.29	2.05488	2.09478
660	4.295	2.04443	2.08428
661	4.3	2.03403	2.07384
662	4.305	2.02369	2.06344
663	4.31	2.0134	2.0531
664	4.315	2.00316	2.04281
665	4.32	1.99297	2.03258
666	4.325	1.98283	2.02239
667	4.33	1.97275	2.01225
668	4.335	1.96271	2.00217
669	4.34	1.95273	1.99214
670	4.345	1.94279	1.98215
671	4.35	1.9329	1.97222
672	4.355	1.92307	1.96233
673	4.36	1.91328	1.9525
674	4.365	1.90354	1.94271
675	4.37	1.89385	1.93298
676	4.375	1.88421	1.92329
677	4.38	1.87462	1.91365
678	4.385	1.86508	1.90406
679	4.39	1.85558	1.89452
680	4.395	1.84613	1.88502
681	4.4	1.83673	1.87558
682	4.405	1.82738	1.86618
683	4.41	1.81807	1.85683
684	4.415	1.80881	1.84752
685	4.42	1.79959	1.83826
686	4.425	1.79042	1.82905
687	4.43	1.7813	1.81988
688	4.435	1.77223	1.81076
689	4.44	1.76319	1.80169
690	4.445	1.75421	1.79266
691	4.45	1.74527	1.78367
692	4.455	1.73637	1.77473
693	4.46	1.72752	1.76584
694	4.465	1.71871	1.75699
695	4.47	1.70995	1.74818
696	4.475	1.70123	1.73942
697	4.48	1.69256	1.73071
698	4.485	1.68392	1.72203
699	4.49	1.67534	1.7134
700	4.495	1.66679	1.70481
701	4.5	1.65829	1.69627
702	4.505	1.64983	1.68777
703	4.51	1.64141	1.67931
704	4.515	1.63303	1.6709
705	4.52	1.6247	1.66252
706	4.525	1.61641	1.65419
707	4.53	1.60816	1.6459
708	4.535	1.59995	1.63765
709	4.54	1.59178	1.62944
710	4.545	1.58366	1.62128
711	4.55	1.57557	1.61315
712	4.555	1.56752	1.60507
713	4.56	1.55952	1.59702
714	4.565	1.55155	1.58902
715	4.57	1.54363	1.58106
716	4.575	1.53574	1.57313
717	4.58	1.5279	1.56525
718	4.585	1.52009	1.5574
719	4.59	1.51232	1.5496
720	4.595	1.5046	1.54183
721	4.6	1.49691	1.53411
722	4.605	1.48925	1.52642
723	4.61	1.48164	1.51877
724	4.615	1.47407	1.51116
725	4.62	1.46653	1.50358
726	4.625	1.45903	1.49605
727	4.63	1.45157	1.48855
728	4.635	1.44415	1.48109
729	4.64	1.43676	1.47367
730	4.645	1.42941	1.46628
731	4.65	1.4221	1.45893
732	4.655	1.41482	1.45162
733	4.66	1.40758	1.44435
734	4.665	1.40038	1.43711
735	4.67	1.39321	1.42991
736	4.675	1.38608	1.42274
737	4.68	1.37898	1.41561
738	4.685	1.37192	1.40852
739	4.69	1.3649	1.40146
740	4.695	1.35791	1.39443
741	4.7	1.35095	1.38744
742	4.705	1.34403	1.38049
743	4.71	1.33715	1.37357
744	4.715	1.3303	1.36669
745	4.72	1.32348	1.35984
746	4.725	1.3167	1.35302
747	4.73	1.30995	1.34624
748	4.735	1.30324	1.3395
749	4.74	1.29655	1.33278
750	4.745	1.28991	1.3261
751	4.75	1.28329	1.31946
752	4.755	1.27671	1.31285
753	4.76	1.27016	1.30627
754	4.765	1.26365	1.29972
755	4.77	1.25717	1.29321
756	4.775	1.25072	1.28673
757	4.78	1.2443	1.28028
758	4.785	1.23792	1.27386
759	4.79	1.23156	1.26748
760	4.795	1.22524	1.26112
761	4.8	1.21895	1.2548
762	4.805	1.21269	1.24852
763	4.81	1.20647	1.24226
764	4.815	1.20027	1.23603
765	4.82	1.19411	1.22984
766	4.825	1.18797	1.22367
767	4.83	1.18187	1.21754
768	4.835	1.1758	1.21144
769	4.84	1.16975	1.20537
770	4.845	1.16374	1.19933
771	4.85	1.15776	1.19332
772	4.855	1.15181	1.18734
773	4.86	1.14589	1.18139
774	4.865	1.14	1.17547
775	4.87	1.13413	1.16957
776	4.875	1.1283	1.16371
777	4.88	1.1225	1.15788
778	4.885	1.11672	1.15208
779	4.89	1.11097	1.1463
780	4.895	1.10526	1.14056
781	4.9	1.09957	1.13484
782	4.905	1.09391	1.12916
783	4.91	1.08828	1.1235
784	4.915	1.08267	1.11787
785	4.92	1.0771	1.11226
786	4.925	1.07155	1.10669
787	4.93	1.06603	1.10114
788	4.935	1.06054	1.09563
789	4.94	1.05508	1.09013
790	4.945	1.04964	1.08467
791	4.95	1.04423	1.07924
792	4.955	1.03885	1.07383
793	4.96	1.03349	1.06845
794	4.965	1.02816	1.06309
795	4.97	1.02286	1.05776
796	4.975	1.01758	1.05246
797	4.98	1.01234	1.04719
798	4.985	1.00711	1.04194
799	4.99	1.00192	1.03672
800	4.995	0.99675	1.03152
801	5	0.9916	1.02635
802	5.005	0.98648	1.02121
803	5.01	0.98139	1.01609
804	5.015	0.97632	1.011
805	5.02	0.97128	1.00593
806	5.025	0.96626	1.00089
807	5.03	0.96127	0.99587
808	5.035	0.9563	0.99088
809	5.04	0.95136	0.98592
810	5.045	0.94644	0.98098
811	5.05	0.94155	0.97606
812	5.055	0.93668	0.97117
813	5.06	0.93184	0.9663
814	5.065	0.92702	0.96146
815	5.07	0.92222	0.95664
816	5.075	0.91745	0.95185
817	5.08	0.91271	0.94708
818	5.085	0.90798	0.94233
819	5.09	0.90328	0.93761
820	5.095	0.89861	0.93291
821	5.1	0.89395	0.92823
822	5.105	0.88932	0.92358
823	5.11	0.88472	0.91895
824	5.115	0.88013	0.91435
825	5.12	0.87557	0.90976
826	5.125	0.87104	0.9052
827	5.13	0.86652	0.90067
828	5.135	0.86203	0.89615
829	5.14	0.85756	0.89166
830	5.145	0.85311	0.88719
831	5.15	0.84869	0.88275
832	5.155	0.84429	0.87832
833	5.16	0.83991	0.87392
834	5.165	0.83555	0.86954
835	5.17	0.83121	0.86518
836	5.175	0.8269	0.86085
837	5.18	0.8226	0.85653
838	5.185	0.81833	0.85224
839	5.19	0.81408	0.84797
840	5.195	0.80985	0.84372
841	5.2	0.80564	0.83949
842	5.205	0.80146	0.83529
843	5.21	0.79729	0.8311
844	5.215	0.79314	0.82693
845	5.22	0.78902	0.82279
846	5.225	0.78492	0.81867
847	5.23	0.78083	0.81456
848	5.235	0.77677	0.81048
849	5.24	0.77273	0.80642
850	5.245	0.76871	0.80238
851	5.25	0.76471	0.79836
852	5.255	0.76072	0.79436
853	5.26	0.75676	0.79037
854	5.265	0.75282	0.78641
855	5.27	0.7489	0.78247
856	5.275	0.74499	0.77855
857	5.28	0.74111	0.77465
858	5.285	0.73725	0.77077
859	5.29	0.7334	0.7669
860	5.295	0.72958	0.76306
861	5.3	0.72577	0.75924
862	5.305	0.72199	0.75543
863	5.31	0.71822	0.75165
864	5.315	0.71447	0.74788
865	5.32	0.71074	0.74413
866	5.325	0.70703	0.7404
867	5.33	0.70334	0.73669
868	5.335	0.69966	0.733
869	5.34	0.69601	0.72932
870	5.345	0.69237	0.72567
871	5.35	0.68875	0.72203
872	5.355	0.68515	0.71841
873	5.36	0.68157	0.71481
874	5.365	0.678	0.71123
875	5.37	0.67445	0.70767
876	5.375	0.67092	0.70412
877	5.38	0.66741	0.70059
878	5.385	0.66392	0.69708
879	5.39	0.66044	0.69359
880	5.395	0.65698	0.69011
881	5.4	0.65354	0.68665
882	5.405	0.65012	0.68321
883	5.41	0.64671	0.67979
884	5.415	0.64332	0.67638
885	5.42	0.63994	0.67299
886	5.425	0.63659	0.66962
887	5.43	0.63325	0.66626
888	5.435	0.62993	0.66292
889	5.44	0.62662	0.6596
890	5.445	0.62333	0.6563
891	5.45	0.62006	0.65301
892	5.455	0.6168	0.64973
893	5.46	0.61356	0.64648
894	5.465	0.61033	0.64324
895	5.47	0.60713	0.64001
896	5.475	0.60393	0.63681
897	5.48	0.60076	0.63361
898	5.485	0.5976	0.63044
899	5.49	0.59445	0.62728
900	5.495	0.59133	0.64937
901	5.5	0.58796	0.64381
902	5.505	0.58489	0.61348
903	5.51	0.58183	0.61092
904	5.515	0.57878	0.608
905	5.52	0.57575	0.60509
906	5.525	0.57273	0.6022
907	5.53	0.56972	0.59931
908	5.535	0.56673	0.59644
909	5.54	0.56376	0.59358
910	5.545	0.5608	0.59073
911	5.55	0.55785	0.58789
912	5.555	0.55492	0.58506
913	5.56	0.552	0.58225
914	5.565	0.5491	0.57944
915	5.57	0.54621	0.57665
916	5.575	0.54333	0.57387
917	5.58	0.54047	0.5711
918	5.585	0.53762	0.56834
919	5.59	0.53478	0.56559
920	5.595	0.53196	0.56286
921	5.6	0.52916	0.56013
922	5.605	0.52636	0.55742
923	5.61	0.52358	0.55472
924	5.615	0.52081	0.55202
925	5.62	0.51806	0.54934
926	5.625	0.51532	0.54667
927	5.63	0.51259	0.54402
928	5.635	0.50988	0.54137
929	5.64	0.50718	0.53873
930	5.645	0.50449	0.53611
931	5.65	0.50182	0.5335
932	5.655	0.49916	0.53089
933	5.66	0.49651	0.5283
934	5.665	0.49388	0.52572
935	5.67	0.49125	0.52315
936	5.675	0.48864	0.52059
937	5.68	0.48605	0.51804
938	5.685	0.48346	0.51551
939	5.69	0.48089	0.51298
940	5.695	0.47833	0.51046
941	5.7	0.47579	0.50796
942	5.705	0.47325	0.50546
943	5.71	0.47073	0.50298
944	5.715	0.46822	0.50051
945	5.72	0.46573	0.49805
946	5.725	0.46324	0.49559
947	5.73	0.46077	0.49315
948	5.735	0.45831	0.49072
949	5.74	0.45587	0.4883
950	5.745	0.45343	0.48589
951	5.75	0.45101	0.48349
952	5.755	0.44859	0.4811
953	5.76	0.4462	0.47872
954	5.765	0.44381	0.47635
955	5.77	0.44143	0.474
956	5.775	0.43907	0.47165
957	5.78	0.43672	0.46931
958	5.785	0.43437	0.46698
959	5.79	0.43205	0.46466
960	5.795	0.42973	0.46236
961	5.8	0.42742	0.46006
962	5.805	0.42513	0.45777
963	5.81	0.42284	0.4555
964	5.815	0.42057	0.45323
965	5.82	0.41831	0.45097
966	5.825	0.41606	0.44872
967	5.83	0.41382	0.44649
968	5.835	0.4116	0.44426
969	5.84	0.40938	0.44204
970	5.845	0.40718	0.43983
971	5.85	0.40498	0.43763
972	5.855	0.4028	0.43545
973	5.86	0.40063	0.43327
974	5.865	0.39847	0.4311
975	5.87	0.39632	0.42894
976	5.875	0.39418	0.42679
977	5.88	0.39205	0.42465
978	5.885	0.38993	0.42252
979	5.89	0.38783	0.4204
980	5.895	0.38573	0.41829
981	5.9	0.38364	0.41619
982	5.905	0.38157	0.4141
983	5.91	0.3795	0.41201
984	5.915	0.37745	0.40994
985	5.92	0.3754	0.40788
986	5.925	0.37337	0.40582
987	5.93	0.37134	0.40378
988	5.935	0.36933	0.40174
989	5.94	0.36733	0.39972
990	5.945	0.36533	0.3977
991	5.95	0.36335	0.39569
992	5.955	0.36138	0.39369
993	5.96	0.35941	0.3917
994	5.965	0.35746	0.38972
995	5.97	0.35552	0.38775
996	5.975	0.35358	0.38579
997	5.98	0.35166	0.38384
998	5.985	0.34974	0.3819
999	5.99	0.34784	0.37996
1000	5.995	0.34594	0.37804
1001	6	0.34406	0.37612
1002	6.005	0.34218	0.37422
1003	6.01	0.34032	0.37232
1004	6.015	0.33846	0.37043
1005	6.02	0.33661	0.36855
1006	6.025	0.33477	0.36668
1007	6.03	0.33294	0.36482
1008	6.035	0.33113	0.36296
1009	6.04	0.32931	0.36112
1010	6.045	0.32751	0.35928
1011	6.05	0.32572	0.35746
1012	6.055	0.32394	0.35564
1013	6.06	0.32217	0.35383
1014	6.065	0.3204	0.35203
1015	6.07	0.31865	0.35024
1016	6.075	0.3169	0.34846
1017	6.08	0.31516	0.34668
1018	6.085	0.31343	0.34492
1019	6.09	0.31171	0.34316
1020	6.095	0.31	0.34142
1021	6.1	0.3083	0.33968
1022	6.105	0.3066	0.33795
1023	6.11	0.30492	0.33622
1024	6.115	0.30324	0.33451
1025	6.12	0.30157	0.33281
1026	6.125	0.29991	0.33111
1027	6.13	0.29826	0.32942
1028	6.135	0.29662	0.32774
1029	6.14	0.29498	0.32607
1030	6.145	0.29336	0.32441
1031	6.15	0.29174	0.32276
1032	6.155	0.29013	0.32111
1033	6.16	0.28853	0.31948
1034	6.165	0.28694	0.31785
1035	6.17	0.28535	0.31623
1036	6.175	0.28377	0.31462
1037	6.18	0.2822	0.31302
1038	6.185	0.28064	0.31142
1039	6.19	0.27909	0.30984
1040	6.195	0.27755	0.30826
1041	6.2	0.27601	0.30669
1042	6.205	0.27448	0.30513
1043	6.21	0.27296	0.30358
1044	6.215	0.27144	0.30203
1045	6.22	0.26994	0.3005
1046	6.225	0.26844	0.29897
1047	6.23	0.26695	0.29745
1048	6.235	0.26546	0.29594
1049	6.24	0.26399	0.29444
1050	6.245	0.26252	0.29294
1051	6.25	0.26106	0.29146
1052	6.255	0.2596	0.28998
1053	6.26	0.25816	0.28851
1054	6.265	0.25672	0.28705
1055	6.27	0.25529	0.28559
1056	6.275	0.25386	0.28415
1057	6.28	0.25245	0.28271
1058	6.285	0.25104	0.28128
1059	6.29	0.24963	0.27986
1060	6.295	0.24824	0.27845
1061	6.3	0.24685	0.27705
1062	6.305	0.24547	0.27565
1063	6.31	0.24409	0.27426
1064	6.315	0.24272	0.27288
1065	6.32	0.24136	0.27151
1066	6.325	0.24001	0.27015
1067	6.33	0.23866	0.2688
1068	6.335	0.23732	0.26745
1069	6.34	0.23599	0.26611
1070	6.345	0.23466	0.26478
1071	6.35	0.23334	0.26346
1072	6.355	0.23203	0.26214
1073	6.36	0.23072	0.26084
1074	6.365	0.22942	0.25954
1075	6.37	0.22812	0.25825
1076	6.375	0.22683	0.25697
1077	6.38	0.22555	0.2557
1078	6.385	0.22428	0.25443
1079	6.39	0.22301	0.25317
1080	6.395	0.22175	0.25193
1081	6.4	0.22049	0.25068
1082	6.405	0.21924	0.24945
1083	6.41	0.21799	0.24823
1084	6.415	0.21676	0.24701
1085	6.42	0.21552	0.2458
1086	6.425	0.2143	0.2446
1087	6.43	0.21308	0.24341
1088	6.435	0.21186	0.24223
1089	6.44	0.21066	0.24105
1090	6.445	0.20945	0.23989
1091	6.45	0.20826	0.23873
1092	6.455	0.20707	0.23758
1093	6.46	0.20588	0.23643
1094	6.465	0.2047	0.2353
1095	6.47	0.20353	0.23417
1096	6.475	0.20236	0.23306
1097	6.48	0.2012	0.23195
1098	6.485	0.20004	0.23084
1099	6.49	0.19889	0.22975
1100	6.495	0.19774	0.22867
1101	6.5	0.1966	0.22759
1102	6.505	0.19547	0.22652
1103	6.51	0.19434	0.22546
1104	6.515	0.19321	0.22441
1105	6.52	0.19209	0.22337
1106	6.525	0.19098	0.22233
1107	6.53	0.18987	0.22131
1108	6.535	0.18877	0.22029
1109	6.54	0.18767	0.21928
1110	6.545	0.18657	0.21828
1111	6.55	0.18548	0.21728
1112	6.555	0.1844	0.2163
1113	6.56	0.18332	0.21532
1114	6.565	0.18225	0.21436
1115	6.57	0.18118	0.2134
1116	6.575	0.18011	0.21245
1117	6.58	0.17905	0.2115
1118	6.585	0.178	0.21057
1119	6.59	0.17695	0.20965
1120	6.595	0.1759	0.20873
1121	6.6	0.17486	0.20782
1122	6.605	0.17382	0.20692
1123	6.61	0.17279	0.20603
1124	6.615	0.17176	0.20515
1125	6.62	0.17074	0.20428
1126	6.625	0.16972	0.20341
1127	6.63	0.16871	0.20256
1128	6.635	0.1677	0.20171
1129	6.64	0.16669	0.20088
1130	6.645	0.16569	0.20005
1131	6.65	0.16469	0.19923
1132	6.655	0.16369	0.19842
1133	6.66	0.1627	0.19761
1134	6.665	0.16172	0.19682
1135	6.67	0.16074	0.19604
1136	6.675	0.15976	0.19526
1137	6.68	0.15878	0.1945
1138	6.685	0.15781	0.19374
1139	6.69	0.15685	0.19299
1140	6.695	0.15588	0.19225
1141	6.7	0.15492	0.19153
1142	6.705	0.15397	0.19081
1143	6.71	0.15302	0.1901
1144	6.715	0.15207	0.18939
1145	6.72	0.15112	0.1887
1146	6.725	0.15018	0.18802
1147	6.73	0.14924	0.18735
1148	6.735	0.14831	0.18669
1149	6.74	0.14737	0.18603
1150	6.745	0.14645	0.18539
1151	6.75	0.14552	0.18476
1152	6.755	0.1446	0.18413
1153	6.76	0.14368	0.18352
1154	6.765	0.14276	0.18291
1155	6.77	0.14185	0.18232
1156	6.775	0.14094	0.18173
1157	6.78	0.14003	0.18116
1158	6.785	0.13913	0.18059
1159	6.79	0.13823	0.18004
1160	6.795	0.13733	0.1795
1161	6.8	0.13643	0.17896
1162	6.805	0.13554	0.17844
1163	6.81	0.13465	0.17793
1164	6.815	0.13376	0.17742
1165	6.82	0.13287	0.17693
1166	6.825	0.13199	0.17645
1167	6.83	0.13111	0.17598
1168	6.835	0.13023	0.17552
1169	6.84	0.12935	0.17507
1170	6.845	0.12848	0.17463
1171	6.85	0.12761	0.1742
1172	6.855	0.12674	0.17378
1173	6.86	0.12587	0.17338
1174	6.865	0.125	0.17298
1175	6.87	0.12414	0.1726
1176	6.875	0.12328	0.17222
1177	6.88	0.12242	0.17186
1178	6.885	0.12156	0.17151
1179	6.89	0.1207	0.17117
1180	6.895	0.11985	0.17085
1181	6.9	0.11899	0.17053
1182	6.905	0.11814	0.17022
1183	6.91	0.11729	0.16993
1184	6.915	0.11644	0.16965
1185	6.92	0.11559	0.16938
1186	6.925	0.11475	0.16912
1187	6.93	0.1139	0.16888
1188	6.935	0.11306	0.16864
1189	6.94	0.11222	0.16842
1190	6.945	0.11138	0.16821
1191	6.95	0.11054	0.16802
1192	6.955	0.1097	0.16783
1193	6.96	0.10886	0.16766
1194	6.965	0.10802	0.1675
1195	6.97	0.10718	0.16735
1196	6.975	0.10635	0.16722
1197	6.98	0.10551	0.1671
1198	6.985	0.10467	0.16699
1199	6.99	0.10384	0.16689
1200	6.995	0.10301	0.16681
1201	7	0.10217	0.16674
1202	7.005	0.10134	0.16668
1203	7.01	0.1005	0.16664
1204	7.015	0.09967	0.16661
1205	7.02	0.09884	0.16659
1206	7.025	0.09801	0.16658
1207	7.03	0.09717	0.16659
1208	7.035	0.09634	0.16662
1209	7.04	0.09551	0.16665
1210	7.045	0.09467	0.1667
1211	7.05	0.09384	0.16677
1212	7.055	0.09301	0.16685
1213	7.06	0.09217	0.16694
1214	7.065	0.09134	0.16705
1215	7.07	0.0905	0.16717
1216	7.075	0.08966	0.1673
1217	7.08	0.08883	0.16745
1218	7.085	0.08799	0.16762
1219	7.09	0.08715	0.1678
1220	7.095	0.08631	0.16799
1221	7.1	0.08547	0.1682
1222	7.105	0.08463	0.16842
1223	7.11	0.08379	0.16866
1224	7.115	0.08294	0.16891
1225	7.12	0.0821	0.16918
1226	7.125	0.08125	0.16946
1227	7.13	0.0804	0.16976
1228	7.135	0.07955	0.17007
1229	7.14	0.0787	0.1704
1230	7.145	0.07785	0.17075
1231	7.15	0.077	0.1711
1232	7.155	0.07614	0.17148
1233	7.16	0.07528	0.17187
1234	7.165	0.07442	0.17227
1235	7.17	0.07356	0.17269
1236	7.175	0.07269	0.17313
1237	7.18	0.07183	0.17358
1238	7.185	0.07096	0.17404
1239	7.19	0.07009	0.17452
1240	7.195	0.06921	0.17502
1241	7.2	0.06834	0.17553
1242	7.205	0.06746	0.17606
1243	7.21	0.06658	0.1766
1244	7.215	0.06569	0.17715
1245	7.22	0.0648	0.17772
1246	7.225	0.06391	0.17831
1247	7.23	0.06302	0.1789
1248	7.235	0.06212	0.17952
1249	7.24	0.06123	0.18014
1250	7.245	0.06032	0.18078
1251	7.25	0.05942	0.18143
1252	7.255	0.05851	0.18209
1253	7.26	0.0576	0.18276
1254	7.265	0.05668	0.18345
1255	7.27	0.05576	0.18414
1256	7.275	0.05484	0.18485
1257	7.28	0.05391	0.18556
1258	7.285	0.05298	0.18628
1259	7.29	0.05205	0.18701
1260	7.295	0.05111	0.18774
1261	7.3	0.05017	0.18848
1262	7.305	0.04923	0.18922
1263	7.31	0.04828	0.18996
1264	7.315	0.04733	0.19071
1265	7.32	0.04637	0.19145
1266	7.325	0.04542	0.1922
1267	7.33	0.04445	0.19294
1268	7.335	0.04349	0.19367
1269	7.34	0.04252	0.1944
1270	7.345	0.04154	0.19512
1271	7.35	0.04056	0.19582
1272	7.355	0.03958	0.19652
1273	7.36	0.0386	0.1972
1274	7.365	0.03761	0.19786
1275	7.37	0.03662	0.1985
1276	7.375	0.03563	0.19912
1277	7.38	0.03463	0.19972
1278	7.385	0.03363	0.20029
1279	7.39	0.03263	0.20084
1280	7.395	0.03162	0.20135
1281	7.4	0.03061	0.20178
1282	7.405	0.0296	0.20211
1283	7.41	0.02859	0.20237
1284	7.415	0.02758	0.20261
1285	7.42	0.02657	0.20284
1286	7.425	0.02555	0.20306
1287	7.43	0.02454	0.20326
1288	7.435	0.02352	0.20345
1289	7.44	0.0225	0.20363
1290	7.445	0.02148	0.20379
1291	7.45	0.02046	0.20395
1292	7.455	0.01944	0.20409
1293	7.46	0.01842	0.20421
1294	7.465	0.0174	0.20433
1295	7.47	0.01638	0.20443
1296	7.475	0.01536	0.20453
1297	7.48	0.01433	0.20461
1298	7.485	0.01331	0.20467
1299	7.49	0.01229	0.20473
1300	7.495	0.01126	0.20477
1301	7.5	0.01024	0.20481
1302	7.505	0.00922	0.20483
1303	7.51	0.00819	0.20484
1304	7.515	0.00717	0.20483
1305	7.52	0.00614	0.20482
1306	7.525	0.00512	0.2048
1307	7.53	0.00409	0.20476
1308	7.535	0.00307	0.20472
1309	7.54	0.00205	0.20466
1310	7.545	0.00102	0.2046
1311	7.55	1.57016E-6	0.20453
1312	7.555	-0.00102	0.20444
1313	7.56	-0.00204	0.20435
1314	7.565	-0.00306	0.20425
1315	7.57	-0.00409	0.20414
1316	7.575	-0.00511	0.20402
1317	7.58	-0.00613	0.20389
1318	7.585	-0.00714	0.20375
1319	7.59	-0.00816	0.20361
1320	7.595	-0.00918	0.20345
1321	7.6	-0.0102	0.20329
1322	7.605	-0.01121	0.20313
1323	7.61	-0.01223	0.20295
1324	7.615	-0.01324	0.20277
1325	7.62	-0.01426	0.20258
1326	7.625	-0.01527	0.20238
1327	7.63	-0.01628	0.20217
1328	7.635	-0.01729	0.20196
1329	7.64	-0.0183	0.20174
1330	7.645	-0.01931	0.20152
1331	7.65	-0.02032	0.20128
1332	7.655	-0.02132	0.20104
1333	7.66	-0.02233	0.20079
1334	7.665	-0.02333	0.20054
1335	7.67	-0.02433	0.20028
1336	7.675	-0.02533	0.20001
1337	7.68	-0.02633	0.19974
1338	7.685	-0.02733	0.19945
1339	7.69	-0.02833	0.19916
1340	7.695	-0.02932	0.19887
1341	7.7	-0.03031	0.19857
1342	7.705	-0.03131	0.19826
1343	7.71	-0.0323	0.19794
1344	7.715	-0.03329	0.19762
1345	7.72	-0.03427	0.1973
1346	7.725	-0.03526	0.19696
1347	7.73	-0.03624	0.19662
1348	7.735	-0.03722	0.19628
1349	7.74	-0.03821	0.19593
1350	7.745	-0.03918	0.19557
1351	7.75	-0.04016	0.19521
1352	7.755	-0.04114	0.19484
1353	7.76	-0.04211	0.19447
1354	7.765	-0.04308	0.19409
1355	7.77	-0.04405	0.19371
1356	7.775	-0.04502	0.19332
1357	7.78	-0.04598	0.19293
1358	7.785	-0.04695	0.19253
1359	7.79	-0.04791	0.19213
1360	7.795	-0.04887	0.19173
1361	7.8	-0.04983	0.19132
1362	7.805	-0.05078	0.1909
1363	7.81	-0.05174	0.19049
1364	7.815	-0.05269	0.19007
1365	7.82	-0.05364	0.18964
1366	7.825	-0.05458	0.18921
1367	7.83	-0.05553	0.18878
1368	7.835	-0.05647	0.18835
1369	7.84	-0.05741	0.18791
1370	7.845	-0.05835	0.18747
1371	7.85	-0.05929	0.18702
1372	7.855	-0.06022	0.18658
1373	7.86	-0.06115	0.18612
1374	7.865	-0.06208	0.18567
1375	7.87	-0.06301	0.18521
1376	7.875	-0.06393	0.18476
1377	7.88	-0.06486	0.18429
1378	7.885	-0.06578	0.18383
1379	7.89	-0.06669	0.18337
1380	7.895	-0.06761	0.1829
1381	7.9	-0.06852	0.18243
1382	7.905	-0.06943	0.18196
1383	7.91	-0.07034	0.18148
1384	7.915	-0.07125	0.18101
1385	7.92	-0.07215	0.18053
1386	7.925	-0.07305	0.18005
1387	7.93	-0.07395	0.17957
1388	7.935	-0.07485	0.17909
1389	7.94	-0.07574	0.17861
1390	7.945	-0.07664	0.17813
1391	7.95	-0.07753	0.17764
1392	7.955	-0.07841	0.17716
1393	7.96	-0.0793	0.17667
1394	7.965	-0.08018	0.17618
1395	7.97	-0.08106	0.1757
1396	7.975	-0.08194	0.17521
1397	7.98	-0.08281	0.17472
1398	7.985	-0.08368	0.17423
1399	7.99	-0.08455	0.17374
1400	7.995	-0.08542	0.17324
1401	8	-0.08629	0.17275
1402	8.005	-0.08715	0.17226
1403	8.01	-0.08801	0.17176
1404	8.015	-0.08887	0.17127
1405	8.02	-0.08972	0.17077
1406	8.025	-0.09057	0.17028
1407	8.03	-0.09142	0.16978
1408	8.035	-0.09227	0.16929
1409	8.04	-0.09312	0.16879
1410	8.045	-0.09396	0.1683
1411	8.05	-0.0948	0.1678
1412	8.055	-0.09564	0.16731
1413	8.06	-0.09647	0.16682
1414	8.065	-0.09731	0.16632
1415	8.07	-0.09814	0.16583
1416	8.075	-0.09896	0.16534
1417	8.08	-0.09979	0.16485
1418	8.085	-0.10061	0.16436
1419	8.09	-0.10143	0.16387
1420	8.095	-0.10225	0.16339
1421	8.1	-0.10307	0.1629
1422	8.105	-0.10388	0.16242
1423	8.11	-0.10469	0.16193
1424	8.115	-0.1055	0.16145
1425	8.12	-0.10631	0.16097
1426	8.125	-0.10711	0.16049
1427	8.13	-0.10791	0.16002
1428	8.135	-0.10871	0.15954
1429	8.14	-0.10951	0.15907
1430	8.145	-0.1103	0.1586
1431	8.15	-0.11109	0.15813
1432	8.155	-0.11188	0.15767
1433	8.16	-0.11267	0.1572
1434	8.165	-0.11345	0.15674
1435	8.17	-0.11424	0.15629
1436	8.175	-0.11502	0.15583
1437	8.18	-0.11579	0.15538
1438	8.185	-0.11657	0.15493
1439	8.19	-0.11734	0.15449
1440	8.195	-0.11812	0.15405
1441	8.2	-0.11888	0.15361
1442	8.205	-0.11965	0.15318
1443	8.21	-0.12042	0.15275
1444	8.215	-0.12118	0.15233
1445	8.22	-0.12194	0.15191
1446	8.225	-0.1227	0.15149
1447	8.23	-0.12345	0.15108
1448	8.235	-0.12421	0.15067
1449	8.24	-0.12496	0.15027
1450	8.245	-0.12571	0.14987
1451	8.25	-0.12646	0.14947
1452	8.255	-0.12721	0.14908
1453	8.26	-0.12795	0.1487
1454	8.265	-0.12869	0.14831
1455	8.27	-0.12943	0.14794
1456	8.275	-0.13017	0.14756
1457	8.28	-0.13091	0.14719
1458	8.285	-0.13164	0.14683
1459	8.29	-0.13238	0.14647
1460	8.295	-0.13311	0.14611
1461	8.3	-0.13384	0.14576
1462	8.305	-0.13457	0.14541
1463	8.31	-0.13529	0.14507
1464	8.315	-0.13602	0.14473
1465	8.32	-0.13674	0.1444
1466	8.325	-0.13746	0.14407
1467	8.33	-0.13818	0.14374
1468	8.335	-0.1389	0.14342
1469	8.34	-0.13962	0.14311
1470	8.345	-0.14033	0.1428
1471	8.35	-0.14104	0.14249
1472	8.355	-0.14175	0.14219
1473	8.36	-0.14247	0.14189
1474	8.365	-0.14317	0.1416
1475	8.37	-0.14388	0.14131
1476	8.375	-0.14459	0.14103
1477	8.38	-0.14529	0.14075
1478	8.385	-0.14599	0.14047
1479	8.39	-0.1467	0.1402
1480	8.395	-0.1474	0.13994
1481	8.4	-0.1481	0.13967
1482	8.405	-0.14879	0.13941
1483	8.41	-0.14949	0.13916
1484	8.415	-0.15018	0.13891
1485	8.42	-0.15088	0.13866
1486	8.425	-0.15157	0.13842
1487	8.43	-0.15226	0.13818
1488	8.435	-0.15295	0.13794
1489	8.44	-0.15364	0.13771
1490	8.445	-0.15433	0.13748
1491	8.45	-0.15502	0.13726
1492	8.455	-0.1557	0.13704
1493	8.46	-0.15639	0.13682
1494	8.465	-0.15707	0.1366
1495	8.47	-0.15775	0.13639
1496	8.475	-0.15843	0.13618
1497	8.48	-0.15912	0.13597
1498	8.485	-0.15979	0.13577
1499	8.49	-0.16047	0.13557
1500	8.495	-0.16115	0.13537
1501	8.5	-0.16183	0.13517
1502	8.505	-0.1625	0.13498
1503	8.51	-0.16318	0.13479
1504	8.515	-0.16385	0.1346
1505	8.52	-0.16452	0.13441
1506	8.525	-0.16519	0.13422
1507	8.53	-0.16586	0.13404
1508	8.535	-0.16653	0.13385
1509	8.54	-0.1672	0.13367
1510	8.545	-0.16787	0.13349
1511	8.55	-0.16854	0.13331
1512	8.555	-0.1692	0.13314
1513	8.56	-0.16987	0.13296
1514	8.565	-0.17053	0.13278
1515	8.57	-0.1712	0.13261
1516	8.575	-0.17186	0.13244
1517	8.58	-0.17252	0.13226
1518	8.585	-0.17318	0.13209
1519	8.59	-0.17384	0.13192
1520	8.595	-0.1745	0.13175
1521	8.6	-0.17516	0.13158
1522	8.605	-0.17582	0.13142
1523	8.61	-0.17647	0.13125
1524	8.615	-0.17713	0.13108
1525	8.62	-0.17779	0.13092
1526	8.625	-0.17844	0.13076
1527	8.63	-0.17909	0.13059
1528	8.635	-0.17975	0.13043
1529	8.64	-0.1804	0.13027
1530	8.645	-0.18105	0.13011
1531	8.65	-0.1817	0.12995
1532	8.655	-0.18235	0.1298
1533	8.66	-0.183	0.12964
1534	8.665	-0.18364	0.12949
1535	8.67	-0.18429	0.12933
1536	8.675	-0.18494	0.12918
1537	8.68	-0.18558	0.12903
1538	8.685	-0.18623	0.12888
1539	8.69	-0.18687	0.12874
1540	8.695	-0.18752	0.12859
1541	8.7	-0.18816	0.12845
1542	8.705	-0.1888	0.12831
1543	8.71	-0.18944	0.12817
1544	8.715	-0.19008	0.12803
1545	8.72	-0.19072	0.1279
1546	8.725	-0.19136	0.12776
1547	8.73	-0.192	0.12763
1548	8.735	-0.19264	0.1275
1549	8.74	-0.19327	0.12738
1550	8.745	-0.19391	0.12725
1551	8.75	-0.19455	0.12713
1552	8.755	-0.19518	0.12701
1553	8.76	-0.19582	0.12689
1554	8.765	-0.19645	0.12678
1555	8.77	-0.19708	0.12666
1556	8.775	-0.19772	0.12655
1557	8.78	-0.19835	0.12644
1558	8.785	-0.19898	0.12634
1559	8.79	-0.19961	0.12624
1560	8.795	-0.20024	0.12613
1561	8.8	-0.20087	0.12604
1562	8.805	-0.2015	0.12594
1563	8.81	-0.20213	0.12584
1564	8.815	-0.20276	0.12575
1565	8.82	-0.20339	0.12566
1566	8.825	-0.20402	0.12557
1567	8.83	-0.20465	0.12549
1568	8.835	-0.20527	0.1254
1569	8.84	-0.2059	0.12532
1570	8.845	-0.20653	0.12524
1571	8.85	-0.20715	0.12516
1572	8.855	-0.20778	0.12509
1573	8.86	-0.2084	0.12501
1574	8.865	-0.20903	0.12494
1575	8.87	-0.20965	0.12486
1576	8.875	-0.21028	0.12479
1577	8.88	-0.2109	0.12472
1578	8.885	-0.21153	0.12466
1579	8.89	-0.21215	0.12459
1580	8.895	-0.21277	0.12452
1581	8.9	-0.21339	0.12446
1582	8.905	-0.21402	0.1244
1583	8.91	-0.21464	0.12433
1584	8.915	-0.21526	0.12427
1585	8.92	-0.21588	0.12421
1586	8.925	-0.2165	0.12415
1587	8.93	-0.21712	0.12409
1588	8.935	-0.21774	0.12402
1589	8.94	-0.21836	0.12396
1590	8.945	-0.21898	0.1239
1591	8.95	-0.2196	0.12384
1592	8.955	-0.22022	0.12378
1593	8.96	-0.22084	0.12373
1594	8.965	-0.22146	0.12367
1595	8.97	-0.22208	0.12361
1596	8.975	-0.22269	0.12354
1597	8.98	-0.22331	0.12348
1598	8.985	-0.22393	0.12342
1599	8.99	-0.22454	0.12336
1600	8.995	-0.22516	0.1233
1601	9	-0.22578	0.12323
1602	9.005	-0.22639	0.12317
1603	9.01	-0.22701	0.1231
1604	9.015	-0.22762	0.12303
1605	9.02	-0.22824	0.12296
1606	9.025	-0.22885	0.12289
1607	9.03	-0.22947	0.12282
1608	9.035	-0.23008	0.12275
1609	9.04	-0.2307	0.12267
1610	9.045	-0.23131	0.12259
1611	9.05	-0.23192	0.12251
1612	9.055	-0.23253	0.12243
1613	9.06	-0.23315	0.12234
1614	9.065	-0.23376	0.12226
1615	9.07	-0.23437	0.12217
1616	9.075	-0.23498	0.12208
1617	9.08	-0.23559	0.12198
1618	9.085	-0.2362	0.12188
1619	9.09	-0.23681	0.12178
1620	9.095	-0.23742	0.12168
1621	9.1	-0.23803	0.12158
1622	9.105	-0.23863	0.12147
1623	9.11	-0.23924	0.12136
1624	9.115	-0.23985	0.12125
1625	9.12	-0.24045	0.12113
1626	9.125	-0.24106	0.12102
1627	9.13	-0.24166	0.1209
1628	9.135	-0.24227	0.12077
1629	9.14	-0.24287	0.12064
1630	9.145	-0.24347	0.12052
1631	9.15	-0.24408	0.12038
1632	9.155	-0.24468	0.12025
1633	9.16	-0.24528	0.12011
1634	9.165	-0.24588	0.11997
1635	9.17	-0.24648	0.11982
1636	9.175	-0.24708	0.11967
1637	9.18	-0.24767	0.11952
1638	9.185	-0.24827	0.11936
1639	9.19	-0.24887	0.11921
1640	9.195	-0.24946	0.11904
1641	9.2	-0.25006	0.11888
1642	9.205	-0.25065	0.11871
1643	9.21	-0.25125	0.11854
1644	9.215	-0.25184	0.11836
1645	9.22	-0.25243	0.11818
1646	9.225	-0.25302	0.118
1647	9.23	-0.25361	0.11782
1648	9.235	-0.2542	0.11763
1649	9.24	-0.25479	0.11744
1650	9.245	-0.25537	0.11724
1651	9.25	-0.25596	0.11704
1652	9.255	-0.25654	0.11684
1653	9.26	-0.25713	0.11664
1654	9.265	-0.25771	0.11643
1655	9.27	-0.25829	0.11622
1656	9.275	-0.25887	0.11601
1657	9.28	-0.25945	0.11579
1658	9.285	-0.26003	0.11557
1659	9.29	-0.26061	0.11535
1660	9.295	-0.26118	0.11512
1661	9.3	-0.26176	0.11489
1662	9.305	-0.26233	0.11466
1663	9.31	-0.2629	0.11443
1664	9.315	-0.26348	0.11419
1665	9.32	-0.26405	0.11396
1666	9.325	-0.26462	0.11372
1667	9.33	-0.26518	0.11347
1668	9.335	-0.26575	0.11323
1669	9.34	-0.26632	0.11298
1670	9.345	-0.26688	0.11273
1671	9.35	-0.26744	0.11247
1672	9.355	-0.268	0.11222
1673	9.36	-0.26857	0.11196
1674	9.365	-0.26912	0.1117
1675	9.37	-0.26968	0.11144
1676	9.375	-0.27024	0.11118
1677	9.38	-0.27079	0.11091
1678	9.385	-0.27135	0.11064
1679	9.39	-0.2719	0.11037
1680	9.395	-0.27245	0.1101
1681	9.4	-0.273	0.10982
1682	9.405	-0.27355	0.10955
1683	9.41	-0.2741	0.10927
1684	9.415	-0.27464	0.10899
1685	9.42	-0.27519	0.1087
1686	9.425	-0.27573	0.10842
1687	9.43	-0.27627	0.10813
1688	9.435	-0.27681	0.10784
1689	9.44	-0.27735	0.10755
1690	9.445	-0.27789	0.10726
1691	9.45	-0.27842	0.10697
1692	9.455	-0.27896	0.10667
1693	9.46	-0.27949	0.10637
1694	9.465	-0.28002	0.10607
1695	9.47	-0.28055	0.10577
1696	9.475	-0.28108	0.10547
1697	9.48	-0.2816	0.10516
1698	9.485	-0.28213	0.10485
1699	9.49	-0.28265	0.10454
1700	9.495	-0.28317	0.10423
1701	9.5	-0.2837	0.10392
1702	9.505	-0.28421	0.1036
1703	9.51	-0.28473	0.10329
1704	9.515	-0.28525	0.10297
1705	9.52	-0.28576	0.10265
1706	9.525	-0.28627	0.10233
1707	9.53	-0.28678	0.102
1708	9.535	-0.28729	0.10168
1709	9.54	-0.2878	0.10135
1710	9.545	-0.28831	0.10102
1711	9.55	-0.28881	0.10069
1712	9.555	-0.28931	0.10035
1713	9.56	-0.28981	0.10001
1714	9.565	-0.29031	0.09967
1715	9.57	-0.29081	0.09933
1716	9.575	-0.29131	0.09899
1717	9.58	-0.2918	0.09864
1718	9.585	-0.29229	0.09829
1719	9.59	-0.29278	0.09793
1720	9.595	-0.29327	0.09757
1721	9.6	-0.29376	0.09721
1722	9.605	-0.29424	0.09685
1723	9.61	-0.29473	0.09648
1724	9.615	-0.29521	0.09611
1725	9.62	-0.29569	0.09573
1726	9.625	-0.29617	0.09535
1727	9.63	-0.29664	0.09496
1728	9.635	-0.29712	0.09457
1729	9.64	-0.29759	0.09418
1730	9.645	-0.29806	0.09378
1731	9.65	-0.29853	0.09338
1732	9.655	-0.29899	0.09297
1733	9.66	-0.29946	0.09255
1734	9.665	-0.29992	0.09213
1735	9.67	-0.30038	0.09171
1736	9.675	-0.30083	0.09128
1737	9.68	-0.30129	0.09085
1738	9.685	-0.30174	0.09041
1739	9.69	-0.30219	0.08996
1740	9.695	-0.30264	0.08951
1741	9.7	-0.30309	0.08906
1742	9.705	-0.30353	0.0886
1743	9.71	-0.30398	0.08813
1744	9.715	-0.30441	0.08766
1745	9.72	-0.30485	0.08718
1746	9.725	-0.30529	0.0867
1747	9.73	-0.30572	0.08622
1748	9.735	-0.30615	0.08572
1749	9.74	-0.30658	0.08523
1750	9.745	-0.307	0.08472
1751	9.75	-0.30742	0.08422
1752	9.755	-0.30784	0.0837
1753	9.76	-0.30826	0.08318
1754	9.765	-0.30867	0.08266
1755	9.77	-0.30909	0.08213
1756	9.775	-0.3095	0.0816
1757	9.78	-0.3099	0.08106
1758	9.785	-0.31031	0.08051
1759	9.79	-0.31071	0.07996
1760	9.795	-0.31111	0.07941
1761	9.8	-0.3115	0.07885
1762	9.805	-0.31189	0.07828
1763	9.81	-0.31228	0.07771
1764	9.815	-0.31267	0.07713
1765	9.82	-0.31306	0.07655
1766	9.825	-0.31344	0.07596
1767	9.83	-0.31382	0.07537
1768	9.835	-0.31419	0.07477
1769	9.84	-0.31456	0.07416
1770	9.845	-0.31493	0.07355
1771	9.85	-0.3153	0.07293
1772	9.855	-0.31566	0.07231
1773	9.86	-0.31602	0.07168
1774	9.865	-0.31638	0.07104
1775	9.87	-0.31673	0.0704
1776	9.875	-0.31708	0.06975
1777	9.88	-0.31743	0.0691
1778	9.885	-0.31777	0.06844
1779	9.89	-0.31811	0.06777
1780	9.895	-0.31845	0.0671
1781	9.9	-0.31879	0.06643
1782	9.905	-0.31912	0.06575
1783	9.91	-0.31944	0.06506
1784	9.915	-0.31977	0.06437
1785	9.92	-0.32009	0.06367
1786	9.925	-0.3204	0.06297
1787	9.93	-0.32072	0.06227
1788	9.935	-0.32103	0.06156
1789	9.94	-0.32133	0.06085
1790	9.945	-0.32163	0.06013
1791	9.95	-0.32193	0.05941
1792	9.955	-0.32223	0.05868
1793	9.96	-0.32252	0.05795
1794	9.965	-0.32281	0.05722
1795	9.97	-0.32309	0.05648
1796	9.975	-0.32337	0.05574
1797	9.98	-0.32365	0.05499
1798	9.985	-0.32392	0.05425
1799	9.99	-0.32419	0.0535
1800	9.995	-0.32446	0.05274
1801	10	-0.32472	0.05199
1802	10.005	-0.32498	0.05123
1803	10.01	-0.32523	0.05047
1804	10.015	-0.32548	0.0497
1805	10.02	-0.32573	0.04893
1806	10.025	-0.32597	0.04816
1807	10.03	-0.32621	0.04739
1808	10.035	-0.32645	0.04662
1809	10.04	-0.32668	0.04584
1810	10.045	-0.3269	0.04506
1811	10.05	-0.32713	0.04428
1812	10.055	-0.32735	0.0435
1813	10.06	-0.32756	0.04271
1814	10.065	-0.32777	0.04193
1815	10.07	-0.32798	0.04114
1816	10.075	-0.32819	0.04034
1817	10.08	-0.32838	0.03955
1818	10.085	-0.32858	0.03876
1819	10.09	-0.32877	0.03796
1820	10.095	-0.32896	0.03716
1821	10.1	-0.32914	0.03636
1822	10.105	-0.32932	0.03556
1823	10.11	-0.3295	0.03475
1824	10.115	-0.32967	0.0337
1825	10.12	-0.32984	0.03241
1826	10.125	-0.33	0.03139
1827	10.13	-0.33015	0.03061
1828	10.135	-0.3303	0.02984
1829	10.14	-0.33045	0.02906
1830	10.145	-0.33059	0.02828
1831	10.15	-0.33073	0.0275
1832	10.155	-0.33087	0.02672
1833	10.16	-0.331	0.02593
1834	10.165	-0.33113	0.02515
1835	10.17	-0.33125	0.02436
1836	10.175	-0.33137	0.02357
1837	10.18	-0.33149	0.02278
1838	10.185	-0.3316	0.02199
1839	10.19	-0.33171	0.0212
1840	10.195	-0.33181	0.0204
1841	10.2	-0.33191	0.01961
1842	10.205	-0.33201	0.01881
1843	10.21	-0.3321	0.01801
1844	10.215	-0.33219	0.01721
1845	10.22	-0.33227	0.01641
1846	10.225	-0.33235	0.01561
1847	10.23	-0.33243	0.01481
1848	10.235	-0.3325	0.014
1849	10.24	-0.33257	0.0132
1850	10.245	-0.33263	0.01239
1851	10.25	-0.33269	0.01159
1852	10.255	-0.33275	0.01078
1853	10.26	-0.3328	0.00997
1854	10.265	-0.33285	0.00916
1855	10.27	-0.33289	0.00835
1856	10.275	-0.33293	0.00754
1857	10.28	-0.33297	0.00673
1858	10.285	-0.333	0.00592
1859	10.29	-0.33302	0.00511
1860	10.295	-0.33305	0.0043
1861	10.3	-0.33307	0.00349
1862	10.305	-0.33308	0.00268
1863	10.31	-0.33309	0.00187
1864	10.315	-0.3331	0.00105
1865	10.32	-0.3331	2.4186E-4
1866	10.325	-0.3331	-5.70395E-4
1867	10.33	-0.3331	-0.00138
1868	10.335	-0.33309	-0.00219
1869	10.34	-0.33308	-0.00301
1870	10.345	-0.33306	-0.00382
1871	10.35	-0.33304	-0.00463
1872	10.355	-0.33301	-0.00544
1873	10.36	-0.33298	-0.00625
1874	10.365	-0.33295	-0.00706
1875	10.37	-0.33291	-0.00787
1876	10.375	-0.33287	-0.00868
1877	10.38	-0.33283	-0.00949
1878	10.385	-0.33278	-0.0103
1879	10.39	-0.33272	-0.01111
1880	10.395	-0.33267	-0.01191
1881	10.4	-0.3326	-0.01272
1882	10.405	-0.33254	-0.01352
1883	10.41	-0.33247	-0.01433
1884	10.415	-0.3324	-0.01513
1885	10.42	-0.33232	-0.01593
1886	10.425	-0.33224	-0.01673
1887	10.43	-0.33215	-0.01753
1888	10.435	-0.33206	-0.01833
1889	10.44	-0.33197	-0.01913
1890	10.445	-0.33187	-0.01992
1891	10.45	-0.33177	-0.02072
1892	10.455	-0.33166	-0.02151
1893	10.46	-0.33155	-0.0223
1894	10.465	-0.33144	-0.02309
1895	10.47	-0.33132	-0.02388
1896	10.475	-0.3312	-0.02466
1897	10.48	-0.33108	-0.02545
1898	10.485	-0.33095	-0.02623
1899	10.49	-0.33081	-0.02701
1900	10.495	-0.33068	-0.02779
1901	10.5	-0.33054	-0.02856
1902	10.505	-0.33039	-0.02934
1903	10.51	-0.33024	-0.03011
1904	10.515	-0.33009	-0.03088
1905	10.52	-0.32993	-0.03165
1906	10.525	-0.32977	-0.03241
1907	10.53	-0.32961	-0.03318
1908	10.535	-0.32944	-0.03394
1909	10.54	-0.32927	-0.03469
1910	10.545	-0.32909	-0.03545
1911	10.55	-0.32892	-0.0362
1912	10.555	-0.32873	-0.03695
1913	10.56	-0.32855	-0.0377
1914	10.565	-0.32836	-0.03844
1915	10.57	-0.32816	-0.03918
1916	10.575	-0.32796	-0.03992
1917	10.58	-0.32776	-0.04066
1918	10.585	-0.32756	-0.04139
1919	10.59	-0.32735	-0.04212
1920	10.595	-0.32714	-0.04285
1921	10.6	-0.32692	-0.04357
1922	10.605	-0.3267	-0.04429
1923	10.61	-0.32648	-0.04501
1924	10.615	-0.32625	-0.04572
1925	10.62	-0.32602	-0.04643
1926	10.625	-0.32579	-0.04714
1927	10.63	-0.32555	-0.04784
1928	10.635	-0.32531	-0.04854
1929	10.64	-0.32506	-0.04923
1930	10.645	-0.32482	-0.04992
1931	10.65	-0.32456	-0.05061
1932	10.655	-0.32431	-0.0513
1933	10.66	-0.32405	-0.05198
1934	10.665	-0.32379	-0.05265
1935	10.67	-0.32352	-0.05333
1936	10.675	-0.32326	-0.05399
1937	10.68	-0.32298	-0.05466
1938	10.685	-0.32271	-0.05532
1939	10.69	-0.32243	-0.05597
1940	10.695	-0.32215	-0.05663
1941	10.7	-0.32186	-0.05727
1942	10.705	-0.32158	-0.05792
1943	10.71	-0.32129	-0.05856
1944	10.715	-0.32099	-0.05919
1945	10.72	-0.32069	-0.05982
1946	10.725	-0.32039	-0.06044
1947	10.73	-0.32009	-0.06106
1948	10.735	-0.31978	-0.06168
1949	10.74	-0.31947	-0.06229
1950	10.745	-0.31916	-0.0629
1951	10.75	-0.31884	-0.0635
1952	10.755	-0.31852	-0.0641
1953	10.76	-0.3182	-0.06469
1954	10.765	-0.31788	-0.06527
1955	10.77	-0.31755	-0.06586
1956	10.775	-0.31722	-0.06643
1957	10.78	-0.31689	-0.067
1958	10.785	-0.31655	-0.06757
1959	10.79	-0.31621	-0.06813
1960	10.795	-0.31587	-0.06869
1961	10.8	-0.31552	-0.06924
1962	10.805	-0.31518	-0.06978
1963	10.81	-0.31483	-0.07033
1964	10.815	-0.31447	-0.07086
1965	10.82	-0.31412	-0.07139
1966	10.825	-0.31376	-0.07191
1967	10.83	-0.3134	-0.07243
1968	10.835	-0.31303	-0.07295
1969	10.84	-0.31267	-0.07345
1970	10.845	-0.3123	-0.07396
1971	10.85	-0.31193	-0.07445
1972	10.855	-0.31155	-0.07495
1973	10.86	-0.31118	-0.07543
1974	10.865	-0.3108	-0.07591
1975	10.87	-0.31042	-0.07639
1976	10.875	-0.31004	-0.07685
1977	10.88	-0.30965	-0.07732
1978	10.885	-0.30926	-0.07778
1979	10.89	-0.30887	-0.07823
1980	10.895	-0.30848	-0.07867
1981	10.9	-0.30809	-0.07911
1982	10.905	-0.30769	-0.07955
1983	10.91	-0.30729	-0.07998
1984	10.915	-0.30689	-0.0804
1985	10.92	-0.30649	-0.08082
1986	10.925	-0.30608	-0.08123
1987	10.93	-0.30567	-0.08164
1988	10.935	-0.30527	-0.08204
1989	10.94	-0.30485	-0.08243
1990	10.945	-0.30444	-0.08282
1991	10.95	-0.30403	-0.08321
1992	10.955	-0.30361	-0.08358
1993	10.96	-0.30319	-0.08396
1994	10.965	-0.30277	-0.08432
1995	10.97	-0.30235	-0.08469
1996	10.975	-0.30192	-0.08504
1997	10.98	-0.3015	-0.08539
1998	10.985	-0.30107	-0.08574
1999	10.99	-0.30064	-0.08607
2000	10.995	-0.30021	-0.08641
2001	11	-0.29978	-0.08674
2002	11.005	-0.29934	-0.08706
2003	11.01	-0.2989	-0.08738
2004	11.015	-0.29847	-0.08769
2005	11.02	-0.29803	-0.08799
2006	11.025	-0.29759	-0.0883
2007	11.03	-0.29714	-0.08859
2008	11.035	-0.2967	-0.08888
2009	11.04	-0.29626	-0.08917
2010	11.045	-0.29581	-0.08945
2011	11.05	-0.29536	-0.08972
2012	11.055	-0.29491	-0.08999
2013	11.06	-0.29446	-0.09026
2014	11.065	-0.29401	-0.09052
2015	11.07	-0.29356	-0.09078
2016	11.075	-0.2931	-0.09103
2017	11.08	-0.29265	-0.09127
2018	11.085	-0.29219	-0.09151
2019	11.09	-0.29173	-0.09175
2020	11.095	-0.29127	-0.09198
2021	11.1	-0.29081	-0.09221
2022	11.105	-0.29035	-0.09243
2023	11.11	-0.28989	-0.09265
2024	11.115	-0.28942	-0.09286
2025	11.12	-0.28896	-0.09307
2026	11.125	-0.28849	-0.09328
2027	11.13	-0.28803	-0.09348
2028	11.135	-0.28756	-0.09368
2029	11.14	-0.28709	-0.09387
2030	11.145	-0.28662	-0.09406
2031	11.15	-0.28615	-0.09424
2032	11.155	-0.28568	-0.09442
2033	11.16	-0.2852	-0.0946
2034	11.165	-0.28473	-0.09478
2035	11.17	-0.28426	-0.09495
2036	11.175	-0.28378	-0.09511
2037	11.18	-0.28331	-0.09528
2038	11.185	-0.28283	-0.09544
2039	11.19	-0.28235	-0.09559
2040	11.195	-0.28187	-0.09574
2041	11.2	-0.28139	-0.09589
2042	11.205	-0.28091	-0.09604
2043	11.21	-0.28043	-0.09619
2044	11.215	-0.27995	-0.09633
2045	11.22	-0.27947	-0.09646
2046	11.225	-0.27899	-0.0966
2047	11.23	-0.2785	-0.09673
2048	11.235	-0.27802	-0.09686
2049	11.24	-0.27754	-0.09699
2050	11.245	-0.27705	-0.09712
2051	11.25	-0.27656	-0.09724
2052	11.255	-0.27608	-0.09736
2053	11.26	-0.27559	-0.09748
2054	11.265	-0.2751	-0.09759
2055	11.27	-0.27461	-0.09771
2056	11.275	-0.27413	-0.09782
2057	11.28	-0.27364	-0.09793
2058	11.285	-0.27315	-0.09804
2059	11.29	-0.27266	-0.09815
2060	11.295	-0.27216	-0.09825
2061	11.3	-0.27167	-0.09836
2062	11.305	-0.27118	-0.09846
2063	11.31	-0.27069	-0.09856
2064	11.315	-0.2702	-0.09867
2065	11.32	-0.2697	-0.09876
2066	11.325	-0.26921	-0.09886
2067	11.33	-0.26871	-0.09896
2068	11.335	-0.26822	-0.09906
2069	11.34	-0.26772	-0.09916
2070	11.345	-0.26723	-0.09925
2071	11.35	-0.26673	-0.09935
2072	11.355	-0.26623	-0.09944
2073	11.36	-0.26574	-0.09954
2074	11.365	-0.26524	-0.09963
2075	11.37	-0.26474	-0.09973
2076	11.375	-0.26424	-0.09982
2077	11.38	-0.26374	-0.09991
2078	11.385	-0.26324	-0.10001
2079	11.39	-0.26274	-0.1001
2080	11.395	-0.26224	-0.1002
2081	11.4	-0.26174	-0.10029
2082	11.405	-0.26124	-0.10039
2083	11.41	-0.26074	-0.10049
2084	11.415	-0.26023	-0.10058
2085	11.42	-0.25973	-0.10068
2086	11.425	-0.25923	-0.10078
2087	11.43	-0.25872	-0.10088
2088	11.435	-0.25822	-0.10098
2089	11.44	-0.25771	-0.10108
2090	11.445	-0.25721	-0.10119
2091	11.45	-0.2567	-0.10129
2092	11.455	-0.25619	-0.1014
2093	11.46	-0.25569	-0.1015
2094	11.465	-0.25518	-0.10161
2095	11.47	-0.25467	-0.10172
2096	11.475	-0.25416	-0.10184
2097	11.48	-0.25365	-0.10195
2098	11.485	-0.25314	-0.10206
2099	11.49	-0.25263	-0.10218
2100	11.495	-0.25212	-0.1023
2101	11.5	-0.25161	-0.10242
2102	11.505	-0.2511	-0.10255
2103	11.51	-0.25058	-0.10267
2104	11.515	-0.25007	-0.1028
2105	11.52	-0.24955	-0.10293
2106	11.525	-0.24904	-0.10306
2107	11.53	-0.24852	-0.1032
2108	11.535	-0.24801	-0.10333
2109	11.54	-0.24749	-0.10347
2110	11.545	-0.24697	-0.10362
2111	11.55	-0.24645	-0.10376
2112	11.555	-0.24594	-0.10391
2113	11.56	-0.24542	-0.10406
2114	11.565	-0.24489	-0.10421
2115	11.57	-0.24437	-0.10437
2116	11.575	-0.24385	-0.10453
2117	11.58	-0.24333	-0.10469
2118	11.585	-0.2428	-0.10485
2119	11.59	-0.24228	-0.10502
2120	11.595	-0.24175	-0.10519
2121	11.6	-0.24123	-0.10536
2122	11.605	-0.2407	-0.10554
2123	11.61	-0.24017	-0.10572
2124	11.615	-0.23964	-0.1059
2125	11.62	-0.23911	-0.10609
2126	11.625	-0.23858	-0.10628
2127	11.63	-0.23805	-0.10647
2128	11.635	-0.23752	-0.10666
2129	11.64	-0.23698	-0.10686
2130	11.645	-0.23645	-0.10706
2131	11.65	-0.23591	-0.10727
2132	11.655	-0.23538	-0.10748
2133	11.66	-0.23484	-0.10769
2134	11.665	-0.2343	-0.1079
2135	11.67	-0.23376	-0.10812
2136	11.675	-0.23322	-0.10834
2137	11.68	-0.23268	-0.10857
2138	11.685	-0.23213	-0.10879
2139	11.69	-0.23159	-0.10902
2140	11.695	-0.23104	-0.10926
2141	11.7	-0.2305	-0.10949
2142	11.705	-0.22995	-0.10973
2143	11.71	-0.2294	-0.10998
2144	11.715	-0.22885	-0.11022
2145	11.72	-0.2283	-0.11047
2146	11.725	-0.22774	-0.11073
2147	11.73	-0.22719	-0.11098
2148	11.735	-0.22663	-0.11124
2149	11.74	-0.22608	-0.1115
2150	11.745	-0.22552	-0.11177
2151	11.75	-0.22496	-0.11204
2152	11.755	-0.2244	-0.11231
2153	11.76	-0.22384	-0.11258
2154	11.765	-0.22327	-0.11286
2155	11.77	-0.22271	-0.11314
2156	11.775	-0.22214	-0.11342
2157	11.78	-0.22157	-0.11371
2158	11.785	-0.221	-0.11399
2159	11.79	-0.22043	-0.11428
2160	11.795	-0.21986	-0.11458
2161	11.8	-0.21929	-0.11487
2162	11.805	-0.21871	-0.11517
2163	11.81	-0.21814	-0.11547
2164	11.815	-0.21756	-0.11577
2165	11.82	-0.21698	-0.11608
2166	11.825	-0.2164	-0.11639
2167	11.83	-0.21581	-0.1167
2168	11.835	-0.21523	-0.11701
2169	11.84	-0.21464	-0.11732
2170	11.845	-0.21406	-0.11764
2171	11.85	-0.21347	-0.11796
2172	11.855	-0.21288	-0.11828
2173	11.86	-0.21228	-0.1186
2174	11.865	-0.21169	-0.11893
2175	11.87	-0.21109	-0.11925
2176	11.875	-0.2105	-0.11958
2177	11.88	-0.2099	-0.11991
2178	11.885	-0.2093	-0.12024
2179	11.89	-0.2087	-0.12057
2180	11.895	-0.20809	-0.12091
2181	11.9	-0.20749	-0.12124
2182	11.905	-0.20688	-0.12158
2183	11.91	-0.20627	-0.12191
2184	11.915	-0.20566	-0.12225
2185	11.92	-0.20505	-0.12259
2186	11.925	-0.20444	-0.12294
2187	11.93	-0.20382	-0.12328
2188	11.935	-0.2032	-0.12362
2189	11.94	-0.20258	-0.12396
2190	11.945	-0.20196	-0.12431
2191	11.95	-0.20134	-0.12465
2192	11.955	-0.20072	-0.125
2193	11.96	-0.20009	-0.12535
2194	11.965	-0.19946	-0.12569
2195	11.97	-0.19883	-0.12604
2196	11.975	-0.1982	-0.12639
2197	11.98	-0.19757	-0.12673
2198	11.985	-0.19694	-0.12708
2199	11.99	-0.1963	-0.12743
2200	11.995	-0.19566	-0.12778
2201	12	-0.19502	-0.12813
2202	12.005	-0.19438	-0.12847
2203	12.01	-0.19374	-0.12882
2204	12.015	-0.19309	-0.12917
2205	12.02	-0.19244	-0.12951
2206	12.025	-0.1918	-0.12986
2207	12.03	-0.19115	-0.13021
2208	12.035	-0.19049	-0.13055
2209	12.04	-0.18984	-0.13089
2210	12.045	-0.18919	-0.13124
2211	12.05	-0.18853	-0.13158
2212	12.055	-0.18787	-0.13192
2213	12.06	-0.18721	-0.13226
2214	12.065	-0.18655	-0.1326
2215	12.07	-0.18588	-0.13294
2216	12.075	-0.18522	-0.13328
2217	12.08	-0.18455	-0.13361
2218	12.085	-0.18388	-0.13395
2219	12.09	-0.18321	-0.13428
2220	12.095	-0.18254	-0.13461
2221	12.1	-0.18186	-0.13494
2222	12.105	-0.18119	-0.13527
2223	12.11	-0.18051	-0.1356
2224	12.115	-0.17983	-0.13592
2225	12.12	-0.17915	-0.13624
2226	12.125	-0.17847	-0.13656
2227	12.13	-0.17779	-0.13688
2228	12.135	-0.1771	-0.1372
2229	12.14	-0.17642	-0.13751
2230	12.145	-0.17573	-0.13782
2231	12.15	-0.17504	-0.13813
2232	12.155	-0.17435	-0.13844
2233	12.16	-0.17365	-0.13875
2234	12.165	-0.17296	-0.13905
2235	12.17	-0.17226	-0.13935
2236	12.175	-0.17156	-0.13965
2237	12.18	-0.17087	-0.13994
2238	12.185	-0.17017	-0.14023
2239	12.19	-0.16946	-0.14052
2240	12.195	-0.16876	-0.14081
2241	12.2	-0.16806	-0.14109
2242	12.205	-0.16735	-0.14137
2243	12.21	-0.16664	-0.14165
2244	12.215	-0.16593	-0.14192
2245	12.22	-0.16522	-0.14219
2246	12.225	-0.16451	-0.14246
2247	12.23	-0.1638	-0.14273
2248	12.235	-0.16308	-0.14299
2249	12.24	-0.16237	-0.14324
2250	12.245	-0.16165	-0.1435
2251	12.25	-0.16093	-0.14375
2252	12.255	-0.16021	-0.144
2253	12.26	-0.15949	-0.14424
2254	12.265	-0.15877	-0.14448
2255	12.27	-0.15805	-0.14472
2256	12.275	-0.15732	-0.14495
2257	12.28	-0.1566	-0.14518
2258	12.285	-0.15587	-0.1454
2259	12.29	-0.15514	-0.14563
2260	12.295	-0.15442	-0.14584
2261	12.3	-0.15369	-0.14606
2262	12.305	-0.15296	-0.14627
2263	12.31	-0.15222	-0.14647
2264	12.315	-0.15149	-0.14667
2265	12.32	-0.15076	-0.14687
2266	12.325	-0.15002	-0.14706
2267	12.33	-0.14929	-0.14725
2268	12.335	-0.14855	-0.14744
2269	12.34	-0.14781	-0.14762
2270	12.345	-0.14707	-0.14779
2271	12.35	-0.14633	-0.14797
2272	12.355	-0.14559	-0.14814
2273	12.36	-0.14485	-0.1483
2274	12.365	-0.14411	-0.14846
2275	12.37	-0.14337	-0.14861
2276	12.375	-0.14262	-0.14876
2277	12.38	-0.14188	-0.14891
2278	12.385	-0.14114	-0.14905
2279	12.39	-0.14039	-0.14919
2280	12.395	-0.13964	-0.14932
2281	12.4	-0.1389	-0.14945
2282	12.405	-0.13815	-0.14957
2283	12.41	-0.1374	-0.14969
2284	12.415	-0.13665	-0.14981
2285	12.42	-0.1359	-0.14992
2286	12.425	-0.13515	-0.15002
2287	12.43	-0.1344	-0.15012
2288	12.435	-0.13365	-0.15022
2289	12.44	-0.1329	-0.15031
2290	12.445	-0.13215	-0.1504
2291	12.45	-0.1314	-0.15048
2292	12.455	-0.13064	-0.15056
2293	12.46	-0.12989	-0.15063
2294	12.465	-0.12914	-0.1507
2295	12.47	-0.12838	-0.15076
2296	12.475	-0.12763	-0.15082
2297	12.48	-0.12688	-0.15088
2298	12.485	-0.12612	-0.15093
2299	12.49	-0.12537	-0.15097
2300	12.495	-0.12461	-0.15101
2301	12.5	-0.12386	-0.15105
2302	12.505	-0.1231	-0.15108
2303	12.51	-0.12235	-0.1511
2304	12.515	-0.12159	-0.15112
2305	12.52	-0.12083	-0.15114
2306	12.525	-0.12008	-0.15115
2307	12.53	-0.11932	-0.15116
2308	12.535	-0.11857	-0.15116
2309	12.54	-0.11781	-0.15116
2310	12.545	-0.11706	-0.15115
2311	12.55	-0.1163	-0.15114
2312	12.555	-0.11554	-0.15112
2313	12.56	-0.11479	-0.1511
2314	12.565	-0.11403	-0.15107
2315	12.57	-0.11328	-0.15104
2316	12.575	-0.11252	-0.151
2317	12.58	-0.11177	-0.15096
2318	12.585	-0.11101	-0.15092
2319	12.59	-0.11026	-0.15087
2320	12.595	-0.1095	-0.15081
2321	12.6	-0.10875	-0.15075
2322	12.605	-0.108	-0.15069
2323	12.61	-0.10724	-0.15062
2324	12.615	-0.10649	-0.15055
2325	12.62	-0.10574	-0.15047
2326	12.625	-0.10499	-0.15038
2327	12.63	-0.10423	-0.1503
2328	12.635	-0.10348	-0.1502
2329	12.64	-0.10273	-0.15011
2330	12.645	-0.10198	-0.15
2331	12.65	-0.10123	-0.1499
2332	12.655	-0.10048	-0.14979
2333	12.66	-0.09973	-0.14967
2334	12.665	-0.09899	-0.14955
2335	12.67	-0.09824	-0.14942
2336	12.675	-0.09749	-0.14929
2337	12.68	-0.09675	-0.14916
2338	12.685	-0.096	-0.14902
2339	12.69	-0.09526	-0.14888
2340	12.695	-0.09451	-0.14873
2341	12.7	-0.09377	-0.14858
2342	12.705	-0.09303	-0.14842
2343	12.71	-0.09228	-0.14826
2344	12.715	-0.09154	-0.14809
2345	12.72	-0.0908	-0.14792
2346	12.725	-0.09006	-0.14774
2347	12.73	-0.08933	-0.14756
2348	12.735	-0.08859	-0.14738
2349	12.74	-0.08785	-0.14719
2350	12.745	-0.08712	-0.147
2351	12.75	-0.08638	-0.1468
2352	12.755	-0.08565	-0.1466
2353	12.76	-0.08492	-0.14639
2354	12.765	-0.08418	-0.14618
2355	12.77	-0.08345	-0.14596
2356	12.775	-0.08273	-0.14574
2357	12.78	-0.082	-0.14552
2358	12.785	-0.08127	-0.14529
2359	12.79	-0.08054	-0.14506
2360	12.795	-0.07982	-0.14482
2361	12.8	-0.0791	-0.14458
2362	12.805	-0.07837	-0.14433
2363	12.81	-0.07765	-0.14409
2364	12.815	-0.07693	-0.14383
2365	12.82	-0.07621	-0.14357
2366	12.825	-0.0755	-0.14331
2367	12.83	-0.07478	-0.14305
2368	12.835	-0.07407	-0.14278
2369	12.84	-0.07335	-0.1425
2370	12.845	-0.07264	-0.14223
2371	12.85	-0.07193	-0.14194
2372	12.855	-0.07122	-0.14166
2373	12.86	-0.07051	-0.14137
2374	12.865	-0.06981	-0.14108
2375	12.87	-0.0691	-0.14078
2376	12.875	-0.0684	-0.14048
2377	12.88	-0.0677	-0.14018
2378	12.885	-0.067	-0.13987
2379	12.89	-0.0663	-0.13956
2380	12.895	-0.0656	-0.13925
2381	12.9	-0.06491	-0.13893
2382	12.905	-0.06421	-0.13861
2383	12.91	-0.06352	-0.13829
2384	12.915	-0.06283	-0.13796
2385	12.92	-0.06214	-0.13763
2386	12.925	-0.06145	-0.1373
2387	12.93	-0.06077	-0.13696
2388	12.935	-0.06009	-0.13662
2389	12.94	-0.0594	-0.13628
2390	12.945	-0.05872	-0.13594
2391	12.95	-0.05804	-0.13559
2392	12.955	-0.05737	-0.13524
2393	12.96	-0.05669	-0.13489
2394	12.965	-0.05602	-0.13453
2395	12.97	-0.05535	-0.13418
2396	12.975	-0.05468	-0.13382
2397	12.98	-0.05401	-0.13345
2398	12.985	-0.05334	-0.13309
2399	12.99	-0.05268	-0.13272
2400	12.995	-0.05201	-0.13235
2401	13	-0.05135	-0.13197
2402	13.005	-0.05069	-0.13159
2403	13.01	-0.05004	-0.1312
2404	13.015	-0.04938	-0.1308
2405	13.02	-0.04873	-0.1304
2406	13.025	-0.04808	-0.12999
2407	13.03	-0.04743	-0.12957
2408	13.035	-0.04678	-0.12914
2409	13.04	-0.04614	-0.1287
2410	13.045	-0.0455	-0.12825
2411	13.05	-0.04486	-0.12778
2412	13.055	-0.04422	-0.12731
2413	13.06	-0.04358	-0.12682
2414	13.065	-0.04295	-0.12631
2415	13.07	-0.04232	-0.12579
2416	13.075	-0.04169	-0.12526
2417	13.08	-0.04107	-0.12471
2418	13.085	-0.04044	-0.12415
2419	13.09	-0.03983	-0.12357
2420	13.095	-0.03921	-0.12297
2421	13.1	-0.0386	-0.12235
2422	13.105	-0.03799	-0.12172
2423	13.11	-0.03738	-0.12107
2424	13.115	-0.03677	-0.1204
2425	13.12	-0.03617	-0.11972
2426	13.125	-0.03558	-0.11901
2427	13.13	-0.03498	-0.11829
2428	13.135	-0.03439	-0.11755
2429	13.14	-0.03381	-0.11679
2430	13.145	-0.03323	-0.11602
2431	13.15	-0.03265	-0.11523
2432	13.155	-0.03207	-0.11441
2433	13.16	-0.0315	-0.11359
2434	13.165	-0.03094	-0.11274
2435	13.17	-0.03038	-0.11188
2436	13.175	-0.02982	-0.111
2437	13.18	-0.02927	-0.11011
2438	13.185	-0.02872	-0.1092
2439	13.19	-0.02818	-0.10828
2440	13.195	-0.02764	-0.10734
2441	13.2	-0.0271	-0.10638
2442	13.205	-0.02657	-0.10542
2443	13.21	-0.02605	-0.10443
2444	13.215	-0.02553	-0.10344
2445	13.22	-0.02501	-0.10243
2446	13.225	-0.0245	-0.10142
2447	13.23	-0.024	-0.10039
2448	13.235	-0.0235	-0.09935
2449	13.24	-0.02301	-0.0983
2450	13.245	-0.02252	-0.09724
2451	13.25	-0.02203	-0.09617
2452	13.255	-0.02155	-0.09509
2453	13.26	-0.02108	-0.09401
2454	13.265	-0.02061	-0.09291
2455	13.27	-0.02015	-0.09181
2456	13.275	-0.0197	-0.09071
2457	13.28	-0.01925	-0.0896
2458	13.285	-0.0188	-0.08848
2459	13.29	-0.01836	-0.08736
2460	13.295	-0.01793	-0.08623
2461	13.3	-0.0175	-0.08511
2462	13.305	-0.01708	-0.08397
2463	13.31	-0.01666	-0.08284
2464	13.315	-0.01625	-0.0817
2465	13.32	-0.01584	-0.08057
2466	13.325	-0.01544	-0.07943
2467	13.33	-0.01505	-0.07829
2468	13.335	-0.01466	-0.07715
2469	13.34	-0.01428	-0.07601
2470	13.345	-0.0139	-0.07487
2471	13.35	-0.01353	-0.07373
2472	13.355	-0.01316	-0.07259
2473	13.36	-0.0128	-0.07146
2474	13.365	-0.01245	-0.07032
2475	13.37	-0.0121	-0.06919
2476	13.375	-0.01176	-0.06806
2477	13.38	-0.01142	-0.06694
2478	13.385	-0.01109	-0.06581
2479	13.39	-0.01076	-0.06469
2480	13.395	-0.01044	-0.06358
2481	13.4	-0.01012	-0.06246
2482	13.405	-0.00981	-0.06135
2483	13.41	-0.00951	-0.06025
2484	13.415	-0.00921	-0.05914
2485	13.42	-0.00892	-0.05805
2486	13.425	-0.00863	-0.05695
2487	13.43	-0.00835	-0.05586
2488	13.435	-0.00807	-0.05478
2489	13.44	-0.0078	-0.0537
2490	13.445	-0.00754	-0.05262
2491	13.45	-0.00728	-0.05155
2492	13.455	-0.00702	-0.05048
2493	13.46	-0.00677	-0.04941
2494	13.465	-0.00653	-0.04835
2495	13.47	-0.00629	-0.0473
2496	13.475	-0.00605	-0.04624
2497	13.48	-0.00582	-0.0452
2498	13.485	-0.0056	-0.04416
2499	13.49	-0.00538	-0.04312
2500	13.495	-0.00517	-0.04209
2501	13.5	-0.00496	-0.04106
2502	13.505	-0.00476	-0.04004
2503	13.51	-0.00456	-0.03902
2504	13.515	-0.00437	-0.03801
2505	13.52	-0.00418	-0.03701
2506	13.525	-0.004	-0.03601
2507	13.53	-0.00382	-0.03502
2508	13.535	-0.00365	-0.03403
2509	13.54	-0.00348	-0.03305
2510	13.545	-0.00332	-0.03208
2511	13.55	-0.00316	-0.03112
2512	13.555	-0.00301	-0.03017
2513	13.56	-0.00286	-0.02922
2514	13.565	-0.00272	-0.02828
2515	13.57	-0.00258	-0.02736
2516	13.575	-0.00244	-0.02644
2517	13.58	-0.00231	-0.02553
2518	13.585	-0.00219	-0.02463
2519	13.59	-0.00207	-0.02375
2520	13.595	-0.00195	-0.02287
2521	13.6	-0.00184	-0.02201
2522	13.605	-0.00173	-0.02115
2523	13.61	-0.00163	-0.02031
2524	13.615	-0.00153	-0.01949
2525	13.62	-0.00143	-0.01867
2526	13.625	-0.00134	-0.01787
2527	13.63	-0.00125	-0.01709
2528	13.635	-0.00117	-0.01632
2529	13.64	-0.00109	-0.01556
2530	13.645	-0.00101	-0.01482
2531	13.65	-9.4023E-4	-0.0141
2532	13.655	-8.71531E-4	-0.01339
2533	13.66	-8.06329E-4	-0.0127
2534	13.665	-7.44541E-4	-0.01203
2535	13.67	-6.86079E-4	-0.01137
2536	13.675	-6.30855E-4	-0.01073
2537	13.68	-5.7878E-4	-0.01011
2538	13.685	-5.29762E-4	-0.00951
2539	13.69	-4.83707E-4	-0.00892
2540	13.695	-4.40522E-4	-0.00836
2541	13.7	-4.00111E-4	-0.00781
2542	13.705	-3.62376E-4	-0.00729
2543	13.71	-3.2722E-4	-0.00678
2544	13.715	-2.94545E-4	-0.0063
2545	13.72	-2.64251E-4	-0.00583
2546	13.725	-2.36237E-4	-0.00538
2547	13.73	-2.10405E-4	-0.00496
2548	13.735	-1.86653E-4	-0.00455
2549	13.74	-1.64881E-4	-0.00417
2550	13.745	-1.4499E-4	-0.0038
2551	13.75	-1.26879E-4	-0.00345
2552	13.755	-1.1045E-4	-0.00313
2553	13.76	-9.56049E-5	-0.00282
2554	13.765	-8.22467E-5	-0.00253
2555	13.77	-7.02799E-5	-0.00226
2556	13.775	-5.96104E-5	-0.00201
2557	13.78	-5.01462E-5	-0.00178
2558	13.785	-4.17971E-5	-0.00157
2559	13.79	-3.44752E-5	-0.00137
2560	13.795	-2.80951E-5	-0.00119
2561	13.8	-2.25743E-5	-0.00103
2562	13.805	-1.7833E-5	-8.77957E-4
2563	13.81	-1.37947E-5	-7.44673E-4
2564	13.815	-1.03863E-5	-6.25665E-4
2565	13.82	-7.53806E-6	-5.20204E-4
2566	13.825	-5.18423E-6	-4.27524E-4
2567	13.83	-3.26282E-6	-3.46831E-4
2568	13.835	-1.71592E-6	-2.77301E-4
2569	13.84	-4.89813E-7	-2.18086E-4
2570	13.845	4.64942E-7	-1.68324E-4
2571	13.85	1.19343E-6	-1.27137E-4
2572	13.855	1.73631E-6	-9.36438E-5
2573	13.86	2.12986E-6	-6.69624E-5
2574	13.865	2.40594E-6	-4.62209E-5
2575	13.87	2.59207E-6	-3.05647E-5
2576	13.875	2.71159E-6	-1.91663E-5
2577	13.88	2.78374E-6	-1.12355E-5
2578	13.885	2.82394E-6	-6.03109E-6
2579	13.89	2.84405E-6	-2.87261E-6
2580	13.895	2.85267E-6	-1.15416E-6
2581	13.9	2.85559E-6	-3.58606E-7
2582	13.905	2.85625E-6	2.85559E-4
2583	13.91	0	2.85625E-4
2584	13.915	0	0
2585	13.92	0	0
2586	13.925	0	0
2587	13.93	0	0
2588	13.935	0	0
2589	13.94	0	0
2590	13.945	0	0
2591	13.95	0	0
2592	13.955	0	0
2593	13.96	0	0
2594	13.965	0	0
2595	13.97	0	0
2596	13.975	0	0
2597	13.98	0	0
2598	13.985	0	0
2599	13.99	0	0
2600	13.995	0	0
2601	14	0	0
2602	14.005	0	0
2603	14.01	0	0
2604	14.015	0	0
2605	14.02	0	0
2606	14.025	0	0
2607	14.03	0	0
2608	14.035	0	0
2609	14.04	0	0
2610	14.045	0	0
2611	14.05	0	0
2612	14.055	0	0
2613	14.06	0	0
2614	14.065	0	0
2615	14.07	0	0
2616	14.075	0	0
2617	14.08	0	0
2618	14.085	0	0
2619	14.09	0	0
2620	14.095	0	0
2621	14.1	0	0
2622	14.105	0	0
2623	14.11	0	0
2624	14.115	0	0
2625	14.12	0	0
2626	14.125	0	0
2627	14.13	0	0
2628	14.135	0	0
2629	14.14	0	0
2630	14.145	0	0
2631	14.15	0	0
2632	14.155	0	0
2633	14.16	0	0
2634	14.165	0	0
2635	14.17	0	0
2636	14.175	0	0
2637	14.18	0	0
2638	14.185	0	0
2639	14.19	0	0
2640	14.195	0	0
2641	14.2	0	0
2642	14.205	0	0
2643	14.21	0	0
2644	14.215	0	0
2645	14.22	0	0
2646	14.225	0	0
2647	14.23	0	0
2648	14.235	0	0
2649	14.24	0	0
2650	14.245	0	0
2651	14.25	0	0
2652	14.255	0	0
2653	14.26	0	0
2654	14.265	0	0
2655	14.27	0	0
2656	14.275	0	0
2657	14.28	0	0
2658	14.285	0	0
2659	14.29	0	0
2660	14.295	0	0
2661	14.3	0	0
2662	14.305	0	0
2663	14.31	0	0
2664	14.315	0	0
2665	14.32	0	0
2666	14.325	0	0
2667	14.33	0	0
2668	14.335	0	0
2669	14.34	0	0
2670	14.345	0	0
2671	14.35	0	0
2672	14.355	0	0
2673	14.36	0	0
2674	14.365	0	0
2675	14.37	0	0
2676	14.375	0	0
2677	14.38	0	0
2678	14.385	0	0
2679	14.39	0	0
2680	14.395	0	0
2681	14.4	0	0
2682	14.405	0	0
2683	14.41	0	0
2684	14.415	0	0
2685	14.42	0	0
2686	14.425	0	0
2687	14.43	0	0
2688	14.435	0	0
2689	14.44	0	0
2690	14.445	0	0
2691	14.45	0	0
2692	14.455	0	0
2693	14.46	0	0
2694	14.465	0	0
2695	14.47	0	0
2696	14.475	0	0
2697	14.48	0	0
2698	14.485	0	0
2699	14.49	0	0
2700	14.495	0	0
2701	14.5	0	0
2702	14.505	0	0
2703	14.51	0	0
2704	14.515	0	0
2705	14.52	0	0
2706	14.525	0	0
2707	14.53	0	0
2708	14.535	0	0
2709	14.54	0	0
2710	14.545	0	0
2711	14.55	0	0
2712	14.555	0	0
2713	14.56	0	0
2714	14.565	0	0
2715	14.57	0	0
2716	14.575	0	0
2717	14.58	0	0
2718	14.585	0	0
2719	14.59	0	0
2720	14.595	0	0
2721	14.6	0	0
2722	14.605	0	0
2723	14.61	0	0
2724	14.615	0	0
2725	14.62	0	0
2726	14.625	0	0
2727	14.63	0	0
2728	14.635	0	0
2729	14.64	0	0
2730	14.645	0	0
2731	14.65	0	0
2732	14.655	0	0
2733	14.66	0	0
2734	14.665	0	0
2735	14.67	0	0
2736	14.675	0	0
2737	14.68	0	0
2738	14.685	0	0
2739	14.69	0	0
2740	14.695	0	0
2741	14.7	0	0
2742	14.705	0	0
2743	14.71	0	0
2744	14.715	0	0
2745	14.72	0	0
2746	14.725	0	0
2747	14.73	0	0
2748	14.735	0	0
2749	14.74	0	0
2750	14.745	0	0
2751	14.75	0	0
2752	14.755	0	0
2753	14.76	0	0
2754	14.765	0	0
2755	14.77	0	0
2756	14.775	0	0
2757	14.78	0	0
2758	14.785	0	0
2759	14.79	0	0
2760	14.795	0	0
2761	14.8	0	0
2762	14.805	0	0
2763	14.81	0	0
2764	14.815	0	0
2765	14.82	0	0
2766	14.825	0	0
2767	14.83	0	0
2768	14.835	0	0
2769	14.84	0	0
2770	14.845	0	0
2771	14.85	0	0
2772	14.855	0	0
2773	14.86	0	0
2774	14.865	0	0
2775	14.87	0	0
2776	14.875	0	0
2777	14.88	0	0
2778	14.885	0	0
2779	14.89	0	0
2780	14.895	0	0
2781	14.9	0	0
2782	14.905	0	0
2783	14.91	0	0
2784	14.915	0	0
2785	14.92	0	0
2786	14.925	0	0
2787	14.93	0	0
2788	14.935	0	0
2789	14.94	0	0
2790	14.945	0	0
2791	14.95	0	0
2792	14.955	0	0
2793	14.96	0	0
2794	14.965	0	0
2795	14.97	0	0
2796	14.975	0	0
2797	14.98	0	0
2798	14.985	0	0
2799	14.99	0	0
2800	14.995	0	0
2801	15	0	0
