BOCS
N 2801

1	1	90.83512	89.20725
2	1.005	90.38908	89.02627
3	1.01	89.94485	88.66441
4	1.015	89.50244	88.30273
5	1.02	89.06183	87.94126
6	1.025	88.62302	87.58002
7	1.03	88.18603	87.21901
8	1.035	87.75083	86.85823
9	1.04	87.31744	86.49771
10	1.045	86.88586	86.13743
11	1.05	86.45607	85.77741
12	1.055	86.02808	85.41764
13	1.06	85.60189	85.05812
14	1.065	85.1775	84.69887
15	1.07	84.7549	84.33987
16	1.075	84.3341	83.98112
17	1.08	83.91509	83.62262
18	1.085	83.49788	83.26438
19	1.09	83.08245	82.90639
20	1.095	82.66881	82.54863
21	1.1	82.25696	82.19113
22	1.105	81.8469	81.83385
23	1.11	81.43862	81.47681
24	1.115	81.03213	81.12
25	1.12	80.62742	80.76341
26	1.125	80.2245	80.40704
27	1.13	79.82335	80.05088
28	1.135	79.42399	79.69492
29	1.14	79.02641	79.33916
30	1.145	78.6306	78.98358
31	1.15	78.23657	78.62817
32	1.155	77.84432	78.27294
33	1.16	77.45384	77.91785
34	1.165	77.06514	77.5629
35	1.17	76.67821	77.20807
36	1.175	76.29306	76.85336
37	1.18	75.90968	76.49873
38	1.185	75.52807	76.14417
39	1.19	75.14824	75.78965
40	1.195	74.77017	75.43516
41	1.2	74.39388	75.08066
42	1.205	74.01937	74.72612
43	1.21	73.64662	74.37152
44	1.215	73.27565	74.01681
45	1.22	72.90645	73.66196
46	1.225	72.53903	73.30691
47	1.23	72.17339	72.95163
48	1.235	71.80952	72.59604
49	1.24	71.44743	72.2401
50	1.245	71.08712	71.88373
51	1.25	70.72859	71.52685
52	1.255	70.37185	71.16938
53	1.26	70.01689	70.8112
54	1.265	69.66373	70.45221
55	1.27	69.31237	70.09229
56	1.275	68.96281	69.73127
57	1.28	68.61506	69.36901
58	1.285	68.26912	69.00532
59	1.29	67.92501	68.64003
60	1.295	67.58272	68.27293
61	1.3	67.24228	67.90388
62	1.305	66.90368	67.53277
63	1.31	66.56695	67.15967
64	1.315	66.23209	66.78489
65	1.32	65.8991	66.40923
66	1.325	65.56799	66.03424
67	1.33	65.23876	65.66251
68	1.335	64.91137	65.29789
69	1.34	64.58578	64.94486
70	1.345	64.26192	64.60619
71	1.35	63.93972	64.28523
72	1.355	63.61907	63.96853
73	1.36	63.30003	63.64663
74	1.365	62.9826	63.32636
75	1.37	62.66677	63.00769
76	1.375	62.35252	62.69063
77	1.38	62.03986	62.37517
78	1.385	61.72877	62.06129
79	1.39	61.41925	61.74899
80	1.395	61.11128	61.43826
81	1.4	60.80487	61.1291
82	1.405	60.49999	60.82149
83	1.41	60.19665	60.51543
84	1.415	59.89484	60.21091
85	1.42	59.59454	59.90793
86	1.425	59.29576	59.60646
87	1.43	58.99848	59.30652
88	1.435	58.70269	59.00808
89	1.44	58.4084	58.71115
90	1.445	58.11558	58.41571
91	1.45	57.82424	58.12176
92	1.455	57.53436	57.82928
93	1.46	57.24595	57.53828
94	1.465	56.95898	57.24874
95	1.47	56.67346	56.96066
96	1.475	56.38937	56.67403
97	1.48	56.10672	56.38884
98	1.485	55.82549	56.10509
99	1.49	55.54567	55.82276
100	1.495	55.26726	55.54185
101	1.5	54.99025	55.26236
102	1.505	54.71463	54.98428
103	1.51	54.44041	54.70759
104	1.515	54.16756	54.4323
105	1.52	53.89608	54.15839
106	1.525	53.62598	53.88586
107	1.53	53.35723	53.6147
108	1.535	53.08983	53.34491
109	1.54	52.82378	53.07647
110	1.545	52.55906	52.80938
111	1.55	52.29568	52.54364
112	1.555	52.03363	52.27924
113	1.56	51.77289	52.01616
114	1.565	51.51347	51.75441
115	1.57	51.25535	51.49398
116	1.575	50.99853	51.23486
117	1.58	50.743	50.97704
118	1.585	50.48876	50.72052
119	1.59	50.23579	50.46529
120	1.595	49.9841	50.21134
121	1.6	49.73368	49.95867
122	1.605	49.48452	49.70728
123	1.61	49.23661	49.45714
124	1.615	48.98994	49.20827
125	1.62	48.74452	48.96065
126	1.625	48.50034	48.71428
127	1.63	48.25738	48.46914
128	1.635	48.01565	48.22524
129	1.64	47.77513	47.98257
130	1.645	47.53582	47.74111
131	1.65	47.29772	47.50087
132	1.655	47.06081	47.26185
133	1.66	46.8251	47.02402
134	1.665	46.59057	46.78739
135	1.67	46.35722	46.55195
136	1.675	46.12505	46.3177
137	1.68	45.89405	46.08462
138	1.685	45.66421	45.85272
139	1.69	45.43552	45.62199
140	1.695	45.20799	45.39241
141	1.7	44.9816	45.16399
142	1.705	44.75635	44.93672
143	1.71	44.53223	44.7106
144	1.715	44.30924	44.48561
145	1.72	44.08737	44.26175
146	1.725	43.86662	44.03902
147	1.73	43.64698	43.81742
148	1.735	43.42845	43.59692
149	1.74	43.21101	43.37754
150	1.745	42.99467	43.15926
151	1.75	42.77942	42.94208
152	1.755	42.56525	42.72599
153	1.76	42.35216	42.51099
154	1.765	42.14014	42.29707
155	1.77	41.92919	42.08423
156	1.775	41.7193	41.87245
157	1.78	41.51047	41.66175
158	1.785	41.30268	41.4521
159	1.79	41.09595	41.24351
160	1.795	40.89025	41.03597
161	1.8	40.68559	40.82947
162	1.805	40.48195	40.62401
163	1.81	40.27935	40.41959
164	1.815	40.07776	40.2162
165	1.82	39.87718	40.01382
166	1.825	39.67762	39.81247
167	1.83	39.47906	39.61213
168	1.835	39.2815	39.4128
169	1.84	39.08493	39.21447
170	1.845	38.88935	39.01714
171	1.85	38.69476	38.8208
172	1.855	38.50114	38.62545
173	1.86	38.3085	38.43108
174	1.865	38.11683	38.2377
175	1.87	37.92613	38.04528
176	1.875	37.73638	37.85383
177	1.88	37.54759	37.66335
178	1.885	37.35975	37.47382
179	1.89	37.17285	37.28525
180	1.895	36.9869	37.09763
181	1.9	36.80187	36.91095
182	1.905	36.61779	36.72521
183	1.91	36.43462	36.54041
184	1.915	36.25238	36.35653
185	1.92	36.07106	36.17358
186	1.925	35.89065	35.99155
187	1.93	35.71114	35.81044
188	1.935	35.53254	35.63024
189	1.94	35.35484	35.45094
190	1.945	35.17803	35.27255
191	1.95	35.00211	35.09506
192	1.955	34.82708	34.91845
193	1.96	34.65293	34.74274
194	1.965	34.47965	34.56791
195	1.97	34.30725	34.39396
196	1.975	34.13571	34.22089
197	1.98	33.96504	34.04869
198	1.985	33.79523	33.87735
199	1.99	33.62627	33.70688
200	1.995	33.45816	33.53726
201	2	33.2909	33.3685
202	2.005	33.12447	33.20058
203	2.01	32.95889	33.03352
204	2.015	32.79414	32.86729
205	2.02	32.63022	32.7019
206	2.025	32.46712	32.53734
207	2.03	32.30484	32.37361
208	2.035	32.14338	32.2107
209	2.04	31.98274	32.04861
210	2.045	31.8229	31.88734
211	2.05	31.66386	31.72688
212	2.055	31.50563	31.56723
213	2.06	31.34819	31.40838
214	2.065	31.19154	31.25033
215	2.07	31.03569	31.09307
216	2.075	30.88061	30.93661
217	2.08	30.72632	30.78094
218	2.085	30.5728	30.62604
219	2.09	30.42006	30.47193
220	2.095	30.26809	30.31859
221	2.1	30.11687	30.16603
222	2.105	29.96643	30.01423
223	2.11	29.81673	29.86319
224	2.115	29.66779	29.71292
225	2.12	29.5196	29.5634
226	2.125	29.37216	29.41463
227	2.13	29.22546	29.26662
228	2.135	29.07949	29.11935
229	2.14	28.93426	28.97281
230	2.145	28.78976	28.82702
231	2.15	28.64599	28.68196
232	2.155	28.50295	28.53763
233	2.16	28.36062	28.39403
234	2.165	28.21901	28.25114
235	2.17	28.07811	28.10898
236	2.175	27.93792	27.96753
237	2.18	27.79843	27.8268
238	2.185	27.65965	27.68677
239	2.19	27.52156	27.54745
240	2.195	27.38417	27.40883
241	2.2	27.24747	27.2709
242	2.205	27.11146	27.13367
243	2.21	26.97614	26.99714
244	2.215	26.84149	26.86128
245	2.22	26.70752	26.72611
246	2.225	26.57423	26.59163
247	2.23	26.44161	26.45782
248	2.235	26.30965	26.32468
249	2.24	26.17836	26.19221
250	2.245	26.04773	26.06041
251	2.25	25.91776	25.92927
252	2.255	25.78844	25.79879
253	2.26	25.65977	25.66897
254	2.265	25.53175	25.5398
255	2.27	25.40437	25.41128
256	2.275	25.27764	25.28341
257	2.28	25.15154	25.15618
258	2.285	25.02607	25.02959
259	2.29	24.90124	24.90364
260	2.295	24.77704	24.77832
261	2.3	24.65346	24.65364
262	2.305	24.5305	24.52958
263	2.31	24.40816	24.40614
264	2.315	24.28644	24.28333
265	2.32	24.16533	24.16113
266	2.325	24.04483	24.03955
267	2.33	23.92493	23.91858
268	2.335	23.80564	23.79822
269	2.34	23.68695	23.67847
270	2.345	23.56886	23.55931
271	2.35	23.45136	23.44076
272	2.355	23.33445	23.3228
273	2.36	23.21813	23.20544
274	2.365	23.1024	23.08867
275	2.37	22.98724	22.97249
276	2.375	22.87267	22.85689
277	2.38	22.75867	22.74187
278	2.385	22.64525	22.62743
279	2.39	22.5324	22.51357
280	2.395	22.42012	22.40028
281	2.4	22.3084	22.28756
282	2.405	22.19724	22.1754
283	2.41	22.08664	22.06381
284	2.415	21.9766	21.95279
285	2.42	21.86712	21.84232
286	2.425	21.75818	21.73241
287	2.43	21.64979	21.62305
288	2.435	21.54195	21.51424
289	2.44	21.43465	21.40597
290	2.445	21.32789	21.29826
291	2.45	21.22167	21.19108
292	2.455	21.11598	21.08445
293	2.46	21.01082	20.97835
294	2.465	20.9062	20.87278
295	2.47	20.80209	20.76775
296	2.475	20.69852	20.66324
297	2.48	20.59546	20.55926
298	2.485	20.49293	20.45581
299	2.49	20.3909	20.35287
300	2.495	20.2894	20.25046
301	2.5	20.1884	20.14855
302	2.505	20.08791	20.04716
303	2.51	19.98793	19.94628
304	2.515	19.88845	19.84591
305	2.52	19.78947	19.74605
306	2.525	19.69099	19.64668
307	2.53	19.593	19.54782
308	2.535	19.49551	19.44945
309	2.54	19.39851	19.35158
310	2.545	19.30199	19.2542
311	2.55	19.20597	19.15731
312	2.555	19.11042	19.06091
313	2.56	19.01536	18.965
314	2.565	18.92077	18.86956
315	2.57	18.82666	18.77461
316	2.575	18.73302	18.68013
317	2.58	18.63986	18.58613
318	2.585	18.54716	18.49261
319	2.59	18.45493	18.39955
320	2.595	18.36317	18.30696
321	2.6	18.27186	18.21484
322	2.605	18.18102	18.12318
323	2.61	18.09063	18.03198
324	2.615	18.0007	17.94124
325	2.62	17.91122	17.85096
326	2.625	17.82219	17.76113
327	2.63	17.73361	17.67176
328	2.635	17.64547	17.58283
329	2.64	17.55778	17.49435
330	2.645	17.47053	17.40632
331	2.65	17.38372	17.31873
332	2.655	17.29734	17.23158
333	2.66	17.2114	17.14487
334	2.665	17.12589	17.05859
335	2.67	17.04081	16.97275
336	2.675	16.95617	16.88735
337	2.68	16.87194	16.80237
338	2.685	16.78814	16.71782
339	2.69	16.70476	16.63369
340	2.695	16.6218	16.54999
341	2.7	16.53926	16.46671
342	2.705	16.45714	16.38385
343	2.71	16.37543	16.3014
344	2.715	16.29412	16.21937
345	2.72	16.21323	16.13775
346	2.725	16.13275	16.05655
347	2.73	16.05267	15.97575
348	2.735	15.97299	15.89536
349	2.74	15.89371	15.81537
350	2.745	15.81483	15.73578
351	2.75	15.73635	15.6566
352	2.755	15.65827	15.57782
353	2.76	15.58058	15.49943
354	2.765	15.50327	15.42143
355	2.77	15.42636	15.34383
356	2.775	15.34984	15.26662
357	2.78	15.2737	15.1898
358	2.785	15.19794	15.11336
359	2.79	15.12256	15.03731
360	2.795	15.04757	14.96164
361	2.8	14.97295	14.88635
362	2.805	14.8987	14.81144
363	2.81	14.82483	14.73691
364	2.815	14.75133	14.66275
365	2.82	14.6782	14.58897
366	2.825	14.60544	14.51555
367	2.83	14.53305	14.44251
368	2.835	14.46102	14.36983
369	2.84	14.38935	14.29752
370	2.845	14.31804	14.22558
371	2.85	14.24709	14.15399
372	2.855	14.1765	14.08277
373	2.86	14.10627	14.0119
374	2.865	14.03638	13.94139
375	2.87	13.96685	13.87124
376	2.875	13.89767	13.80144
377	2.88	13.82884	13.73199
378	2.885	13.76035	13.66289
379	2.89	13.69221	13.59413
380	2.895	13.62441	13.52573
381	2.9	13.55695	13.45766
382	2.905	13.48983	13.38994
383	2.91	13.42305	13.32256
384	2.915	13.35661	13.25552
385	2.92	13.2905	13.18882
386	2.925	13.22472	13.12245
387	2.93	13.15927	13.05642
388	2.935	13.09416	12.99072
389	2.94	13.02937	12.92535
390	2.945	12.9649	12.86031
391	2.95	12.90076	12.79559
392	2.955	12.83695	12.7312
393	2.96	12.77345	12.66714
394	2.965	12.71027	12.6034
395	2.97	12.64742	12.53997
396	2.975	12.58488	12.47687
397	2.98	12.52265	12.41409
398	2.985	12.46073	12.35162
399	2.99	12.39913	12.28946
400	2.995	12.33784	12.22762
401	3	12.27686	12.16609
402	3.005	12.21618	12.10487
403	3.01	12.15581	12.04396
404	3.015	12.09574	11.98335
405	3.02	12.03597	11.92305
406	3.025	11.97651	11.86305
407	3.03	11.91734	11.80336
408	3.035	11.85848	11.74396
409	3.04	11.7999	11.68486
410	3.045	11.74163	11.62606
411	3.05	11.68364	11.56756
412	3.055	11.62595	11.50935
413	3.06	11.56855	11.45144
414	3.065	11.51144	11.39381
415	3.07	11.45461	11.33648
416	3.075	11.39807	11.27943
417	3.08	11.34182	11.22267
418	3.085	11.28584	11.1662
419	3.09	11.23015	11.11001
420	3.095	11.17474	11.0541
421	3.1	11.11961	10.99848
422	3.105	11.06476	10.94313
423	3.11	11.01018	10.88806
424	3.115	10.95588	10.83327
425	3.12	10.90185	10.77876
426	3.125	10.84809	10.72452
427	3.13	10.7946	10.67055
428	3.135	10.74139	10.61686
429	3.14	10.68844	10.56343
430	3.145	10.63575	10.51028
431	3.15	10.58333	10.45739
432	3.155	10.53118	10.40477
433	3.16	10.47929	10.35241
434	3.165	10.42765	10.30031
435	3.17	10.37628	10.24848
436	3.175	10.32517	10.19691
437	3.18	10.27431	10.1456
438	3.185	10.22371	10.09455
439	3.19	10.17337	10.04375
440	3.195	10.12328	9.99321
441	3.2	10.07344	9.94292
442	3.205	10.02385	9.89289
443	3.21	9.97451	9.84311
444	3.215	9.92542	9.79357
445	3.22	9.87657	9.74429
446	3.225	9.82797	9.69526
447	3.23	9.77962	9.64647
448	3.235	9.73151	9.59793
449	3.24	9.68364	9.54963
450	3.245	9.63601	9.50158
451	3.25	9.58862	9.45376
452	3.255	9.54147	9.40619
453	3.26	9.49456	9.35886
454	3.265	9.44789	9.31176
455	3.27	9.40144	9.26491
456	3.275	9.35524	9.21828
457	3.28	9.30926	9.1719
458	3.285	9.26352	9.12574
459	3.29	9.218	9.07982
460	3.295	9.17272	9.03413
461	3.3	9.12766	8.98867
462	3.305	9.08283	8.94344
463	3.31	9.03823	8.89843
464	3.315	8.99385	8.85366
465	3.32	8.94969	8.8091
466	3.325	8.90576	8.76478
467	3.33	8.86204	8.72067
468	3.335	8.81855	8.67679
469	3.34	8.77528	8.63312
470	3.345	8.73222	8.58968
471	3.35	8.68938	8.54646
472	3.355	8.64675	8.50345
473	3.36	8.60434	8.46066
474	3.365	8.56215	8.41809
475	3.37	8.52016	8.37573
476	3.375	8.47839	8.33358
477	3.38	8.43683	8.29164
478	3.385	8.39547	8.24992
479	3.39	8.35433	8.2084
480	3.395	8.31339	8.1671
481	3.4	8.27266	8.126
482	3.405	8.23213	8.08511
483	3.41	8.19181	8.04442
484	3.415	8.15169	8.00394
485	3.42	8.11177	7.96367
486	3.425	8.07205	7.92359
487	3.43	8.03253	7.88372
488	3.435	7.99321	7.84405
489	3.44	7.95409	7.80458
490	3.445	7.91517	7.7653
491	3.45	7.87644	7.72623
492	3.455	7.8379	7.68735
493	3.46	7.79956	7.64867
494	3.465	7.76142	7.61018
495	3.47	7.72346	7.57188
496	3.475	7.6857	7.53378
497	3.48	7.64812	7.49587
498	3.485	7.61074	7.45815
499	3.49	7.57354	7.42062
500	3.495	7.53653	7.38328
501	3.5	7.49971	7.34612
502	3.505	7.46307	7.30916
503	3.51	7.42662	7.27238
504	3.515	7.39035	7.23578
505	3.52	7.35426	7.19937
506	3.525	7.31835	7.16314
507	3.53	7.28263	7.1271
508	3.535	7.24708	7.09123
509	3.54	7.21172	7.05555
510	3.545	7.17653	7.02005
511	3.55	7.14152	6.98472
512	3.555	7.10668	6.94957
513	3.56	7.07202	6.9146
514	3.565	7.03754	6.87981
515	3.57	7.00322	6.84519
516	3.575	6.96908	6.81074
517	3.58	6.93512	6.77647
518	3.585	6.90132	6.74237
519	3.59	6.86769	6.70844
520	3.595	6.83423	6.67468
521	3.6	6.80094	6.6411
522	3.605	6.76782	6.60768
523	3.61	6.73487	6.57443
524	3.615	6.70208	6.54134
525	3.62	6.66945	6.50843
526	3.625	6.63699	6.47568
527	3.63	6.6047	6.44309
528	3.635	6.57256	6.41067
529	3.64	6.54059	6.37841
530	3.645	6.50878	6.34631
531	3.65	6.47713	6.31438
532	3.655	6.44564	6.2826
533	3.66	6.4143	6.25099
534	3.665	6.38313	6.21953
535	3.67	6.35211	6.18823
536	3.675	6.32124	6.15709
537	3.68	6.29054	6.12611
538	3.685	6.25998	6.09528
539	3.69	6.22958	6.06461
540	3.695	6.19934	6.03409
541	3.7	6.16924	6.00373
542	3.705	6.1393	5.97352
543	3.71	6.10951	5.94346
544	3.715	6.07986	5.91355
545	3.72	6.05037	5.88379
546	3.725	6.02103	5.85419
547	3.73	5.99183	5.82473
548	3.735	5.96278	5.79542
549	3.74	5.93388	5.76625
550	3.745	5.90512	5.73724
551	3.75	5.8765	5.70837
552	3.755	5.84803	5.67964
553	3.76	5.81971	5.65106
554	3.765	5.79152	5.62263
555	3.77	5.76348	5.59433
556	3.775	5.73558	5.56618
557	3.78	5.70782	5.53817
558	3.785	5.6802	5.5103
559	3.79	5.65272	5.48257
560	3.795	5.62537	5.45498
561	3.8	5.59817	5.42753
562	3.805	5.5711	5.40022
563	3.81	5.54416	5.37305
564	3.815	5.51737	5.34601
565	3.82	5.4907	5.31911
566	3.825	5.46417	5.29234
567	3.83	5.43778	5.26571
568	3.835	5.41152	5.23921
569	3.84	5.38539	5.21285
570	3.845	5.35939	5.18662
571	3.85	5.33352	5.16052
572	3.855	5.30778	5.13455
573	3.86	5.28218	5.10871
574	3.865	5.2567	5.08301
575	3.87	5.23135	5.05743
576	3.875	5.20612	5.03198
577	3.88	5.18103	5.00666
578	3.885	5.15606	4.98146
579	3.89	5.13121	4.9564
580	3.895	5.10649	4.93145
581	3.9	5.0819	4.90664
582	3.905	5.05743	4.88195
583	3.91	5.03308	4.85738
584	3.915	5.00885	4.83294
585	3.92	4.98475	4.80862
586	3.925	4.96077	4.78442
587	3.93	4.9369	4.76035
588	3.935	4.91316	4.73639
589	3.94	4.88954	4.71256
590	3.945	4.86604	4.68884
591	3.95	4.84265	4.66525
592	3.955	4.81938	4.64177
593	3.96	4.79623	4.61841
594	3.965	4.7732	4.59517
595	3.97	4.75028	4.57205
596	3.975	4.72748	4.54904
597	3.98	4.70479	4.52615
598	3.985	4.68222	4.50338
599	3.99	4.65976	4.48072
600	3.995	4.63741	4.45817
601	4	4.61518	4.43573
602	4.005	4.59305	4.41341
603	4.01	4.57104	4.3912
604	4.015	4.54914	4.36911
605	4.02	4.52735	4.34712
606	4.025	4.50567	4.32525
607	4.03	4.4841	4.30348
608	4.035	4.46264	4.28183
609	4.04	4.44128	4.26028
610	4.045	4.42003	4.23884
611	4.05	4.39889	4.21751
612	4.055	4.37786	4.19629
613	4.06	4.35693	4.17517
614	4.065	4.33611	4.15416
615	4.07	4.31539	4.13326
616	4.075	4.29477	4.11246
617	4.08	4.27426	4.09176
618	4.085	4.25386	4.07117
619	4.09	4.23355	4.05069
620	4.095	4.21335	4.0303
621	4.1	4.19325	4.01002
622	4.105	4.17325	3.98985
623	4.11	4.15335	3.96977
624	4.115	4.13355	3.94979
625	4.12	4.11385	3.92992
626	4.125	4.09425	3.91014
627	4.13	4.07475	3.89046
628	4.135	4.05535	3.87089
629	4.14	4.03604	3.85141
630	4.145	4.01683	3.83203
631	4.15	3.99772	3.81274
632	4.155	3.97871	3.79355
633	4.16	3.95979	3.77437
634	4.165	3.94096	3.75512
635	4.17	3.92223	3.73574
636	4.175	3.9036	3.7162
637	4.18	3.88507	3.69649
638	4.185	3.86664	3.67665
639	4.19	3.84831	3.6567
640	4.195	3.83007	3.63669
641	4.2	3.81194	3.61668
642	4.205	3.79391	3.59673
643	4.21	3.77597	3.57691
644	4.215	3.75814	3.55726
645	4.22	3.7404	3.53785
646	4.225	3.72276	3.51872
647	4.23	3.70521	3.49994
648	4.235	3.68776	3.48152
649	4.24	3.6704	3.46352
650	4.245	3.65312	3.44596
651	4.25	3.63594	3.42885
652	4.255	3.61883	3.41221
653	4.26	3.60181	3.39605
654	4.265	3.58487	3.38037
655	4.27	3.56801	3.36516
656	4.275	3.55122	3.35041
657	4.28	3.53451	3.3361
658	4.285	3.51786	3.32221
659	4.29	3.50128	3.30872
660	4.295	3.48477	3.2956
661	4.3	3.46833	3.28281
662	4.305	3.45195	3.27033
663	4.31	3.43563	3.25811
664	4.315	3.41937	3.24613
665	4.32	3.40316	3.23435
666	4.325	3.38702	3.22272
667	4.33	3.37094	3.21121
668	4.335	3.35491	3.19979
669	4.34	3.33894	3.18842
670	4.345	3.32303	3.17707
671	4.35	3.30717	3.16569
672	4.355	3.29137	3.15427
673	4.36	3.27563	3.14277
674	4.365	3.25994	3.13117
675	4.37	3.24431	3.11944
676	4.375	3.22875	3.10756
677	4.38	3.21324	3.09551
678	4.385	3.19779	3.08328
679	4.39	3.18241	3.07084
680	4.395	3.16708	3.05819
681	4.4	3.15182	3.04531
682	4.405	3.13663	3.03221
683	4.41	3.1215	3.01886
684	4.415	3.10644	3.00528
685	4.42	3.09145	2.99146
686	4.425	3.07653	2.9774
687	4.43	3.06168	2.9631
688	4.435	3.0469	2.94857
689	4.44	3.03219	2.93381
690	4.445	3.01756	2.91884
691	4.45	3.003	2.90365
692	4.455	2.98852	2.88827
693	4.46	2.97412	2.87269
694	4.465	2.95979	2.85694
695	4.47	2.94555	2.84102
696	4.475	2.93138	2.82494
697	4.48	2.9173	2.80873
698	4.485	2.9033	2.79239
699	4.49	2.88938	2.77593
700	4.495	2.87554	2.75938
701	4.5	2.86178	2.74274
702	4.505	2.84811	2.72602
703	4.51	2.83452	2.70923
704	4.515	2.82102	2.69237
705	4.52	2.8076	2.67543
706	4.525	2.79426	2.65842
707	4.53	2.78101	2.64133
708	4.535	2.76785	2.62416
709	4.54	2.75477	2.6069
710	4.545	2.74178	2.58957
711	4.55	2.72888	2.57216
712	4.555	2.71606	2.55467
713	4.56	2.70333	2.5371
714	4.565	2.69069	2.51947
715	4.57	2.67814	2.50177
716	4.575	2.66567	2.48402
717	4.58	2.65329	2.46622
718	4.585	2.64101	2.44838
719	4.59	2.62881	2.43051
720	4.595	2.6167	2.41263
721	4.6	2.60468	2.39475
722	4.605	2.59276	2.37688
723	4.61	2.58092	2.35905
724	4.615	2.56917	2.34126
725	4.62	2.5575	2.32355
726	4.625	2.54593	2.30592
727	4.63	2.53444	2.28842
728	4.635	2.52305	2.27104
729	4.64	2.51173	2.25384
730	4.645	2.50051	2.23681
731	4.65	2.48937	2.22001
732	4.655	2.47831	2.20344
733	4.66	2.46733	2.18714
734	4.665	2.45644	2.17113
735	4.67	2.44562	2.15544
736	4.675	2.43488	2.1401
737	4.68	2.42422	2.12513
738	4.685	2.41363	2.11056
739	4.69	2.40311	2.0964
740	4.695	2.39267	2.08268
741	4.7	2.38229	2.06943
742	4.705	2.37197	2.05665
743	4.71	2.36172	2.04435
744	4.715	2.35153	2.03256
745	4.72	2.34139	2.02126
746	4.725	2.33132	2.01048
747	4.73	2.32129	2.0002
748	4.735	2.31131	1.99043
749	4.74	2.30139	1.98114
750	4.745	2.2915	1.97232
751	4.75	2.28166	1.96396
752	4.755	2.27186	1.95602
753	4.76	2.2621	1.94847
754	4.765	2.25238	1.94127
755	4.77	2.24269	1.93439
756	4.775	2.23303	1.92778
757	4.78	2.22341	1.92138
758	4.785	2.21382	1.91514
759	4.79	2.20426	1.909
760	4.795	2.19473	1.9029
761	4.8	2.18523	1.89678
762	4.805	2.17576	1.89059
763	4.81	2.16633	1.88426
764	4.815	2.15692	1.87775
765	4.82	2.14755	1.87101
766	4.825	2.13821	1.864
767	4.83	2.12891	1.85672
768	4.835	2.11964	1.84914
769	4.84	2.11042	1.8413
770	4.845	2.10123	1.83323
771	4.85	2.09208	1.82502
772	4.855	2.08298	1.81677
773	4.86	2.07392	1.80853
774	4.865	2.06489	1.80033
775	4.87	2.05591	1.79215
776	4.875	2.04697	1.78402
777	4.88	2.03807	1.77591
778	4.885	2.02921	1.76784
779	4.89	2.02039	1.7598
780	4.895	2.01162	1.7518
781	4.9	2.00288	1.74383
782	4.905	1.99418	1.73589
783	4.91	1.98552	1.72799
784	4.915	1.9769	1.72011
785	4.92	1.96832	1.71228
786	4.925	1.95977	1.70447
787	4.93	1.95127	1.6967
788	4.935	1.94281	1.68896
789	4.94	1.93438	1.68125
790	4.945	1.926	1.67358
791	4.95	1.91765	1.66593
792	4.955	1.90934	1.65832
793	4.96	1.90106	1.65074
794	4.965	1.89283	1.6432
795	4.97	1.88463	1.63568
796	4.975	1.87647	1.62819
797	4.98	1.86835	1.62074
798	4.985	1.86026	1.61331
799	4.99	1.85222	1.60592
800	4.995	1.84421	1.59855
801	5	1.83623	1.59122
802	5.005	1.82829	1.58392
803	5.01	1.82039	1.57664
804	5.015	1.81253	1.5694
805	5.02	1.8047	1.56218
806	5.025	1.7969	1.555
807	5.03	1.78915	1.54784
808	5.035	1.78143	1.54071
809	5.04	1.77374	1.53361
810	5.045	1.76609	1.52655
811	5.05	1.75847	1.51951
812	5.055	1.7509	1.5125
813	5.06	1.74335	1.50552
814	5.065	1.73584	1.49857
815	5.07	1.72836	1.49164
816	5.075	1.72092	1.48475
817	5.08	1.71352	1.47789
818	5.085	1.70614	1.47106
819	5.09	1.69881	1.46426
820	5.095	1.6915	1.45748
821	5.1	1.68423	1.45074
822	5.105	1.67699	1.44403
823	5.11	1.66979	1.43735
824	5.115	1.66262	1.43069
825	5.12	1.65548	1.42407
826	5.125	1.64838	1.41748
827	5.13	1.64131	1.41137
828	5.135	1.63427	1.40487
829	5.14	1.62726	1.39793
830	5.145	1.62029	1.39146
831	5.15	1.61335	1.38502
832	5.155	1.60644	1.37861
833	5.16	1.59956	1.37222
834	5.165	1.59271	1.36587
835	5.17	1.5859	1.35955
836	5.175	1.57912	1.35326
837	5.18	1.57237	1.347
838	5.185	1.56565	1.34077
839	5.19	1.55896	1.33457
840	5.195	1.5523	1.3284
841	5.2	1.54568	1.32226
842	5.205	1.53908	1.31615
843	5.21	1.53252	1.31007
844	5.215	1.52598	1.30402
845	5.22	1.51948	1.29801
846	5.225	1.513	1.29202
847	5.23	1.50656	1.28607
848	5.235	1.50014	1.28014
849	5.24	1.49375	1.27425
850	5.245	1.4874	1.26839
851	5.25	1.48107	1.26256
852	5.255	1.47477	1.25676
853	5.26	1.4685	1.25099
854	5.265	1.46226	1.24526
855	5.27	1.45605	1.23955
856	5.275	1.44987	1.23388
857	5.28	1.44371	1.22824
858	5.285	1.43758	1.22263
859	5.29	1.43148	1.21705
860	5.295	1.42541	1.21151
861	5.3	1.41937	1.206
862	5.305	1.41335	1.20052
863	5.31	1.40736	1.19507
864	5.315	1.4014	1.18965
865	5.32	1.39547	1.18427
866	5.325	1.38956	1.17892
867	5.33	1.38368	1.1736
868	5.335	1.37782	1.16832
869	5.34	1.372	1.16306
870	5.345	1.36619	1.15784
871	5.35	1.36042	1.15265
872	5.355	1.35467	1.1475
873	5.36	1.34894	1.14237
874	5.365	1.34324	1.13728
875	5.37	1.33757	1.13223
876	5.375	1.33192	1.1272
877	5.38	1.3263	1.1222
878	5.385	1.3207	1.11724
879	5.39	1.31512	1.11231
880	5.395	1.30958	1.10742
881	5.4	1.30405	1.10255
882	5.405	1.29855	1.09772
883	5.41	1.29307	1.09291
884	5.415	1.28762	1.08814
885	5.42	1.28219	1.0834
886	5.425	1.27679	1.07869
887	5.43	1.27141	1.07402
888	5.435	1.26605	1.06937
889	5.44	1.26071	1.06475
890	5.445	1.2554	1.06017
891	5.45	1.25011	1.05561
892	5.455	1.24484	1.05108
893	5.46	1.2396	1.04659
894	5.465	1.23438	1.04212
895	5.47	1.22918	1.03768
896	5.475	1.224	1.03327
897	5.48	1.21885	1.02889
898	5.485	1.21371	1.02453
899	5.49	1.2086	1.02021
900	5.495	1.20351	1.01591
901	5.5	1.19844	1.01163
902	5.505	1.19339	1.00739
903	5.51	1.18837	1.00317
904	5.515	1.18336	0.99897
905	5.52	1.17838	0.9948
906	5.525	1.17341	0.99066
907	5.53	1.16847	0.98653
908	5.535	1.16355	0.98244
909	5.54	1.15865	0.97836
910	5.545	1.15376	0.97431
911	5.55	1.1489	0.97028
912	5.555	1.14406	0.96628
913	5.56	1.13924	0.96229
914	5.565	1.13444	0.95832
915	5.57	1.12966	0.95438
916	5.575	1.12489	0.95046
917	5.58	1.12015	0.94655
918	5.585	1.11543	0.94266
919	5.59	1.11073	0.93879
920	5.595	1.10604	0.93494
921	5.6	1.10138	0.93111
922	5.605	1.09673	0.92729
923	5.61	1.0921	0.92349
924	5.615	1.0875	0.91971
925	5.62	1.08291	0.91594
926	5.625	1.07834	0.91218
927	5.63	1.07378	0.90844
928	5.635	1.06925	0.90471
929	5.64	1.06474	0.901
930	5.645	1.06024	0.8973
931	5.65	1.05576	0.89361
932	5.655	1.05131	0.88993
933	5.66	1.04687	0.88626
934	5.665	1.04244	0.8826
935	5.67	1.03804	0.87895
936	5.675	1.03365	0.87532
937	5.68	1.02929	0.87169
938	5.685	1.02494	0.86807
939	5.69	1.02061	0.86446
940	5.695	1.01629	0.86085
941	5.7	1.012	0.85725
942	5.705	1.00772	0.85367
943	5.71	1.00346	0.85008
944	5.715	0.99922	0.84651
945	5.72	0.995	0.84293
946	5.725	0.99079	0.83937
947	5.73	0.9866	0.83581
948	5.735	0.98243	0.83225
949	5.74	0.97828	0.8287
950	5.745	0.97414	0.82516
951	5.75	0.97003	0.82161
952	5.755	0.96593	0.81807
953	5.76	0.96185	0.81454
954	5.765	0.95778	0.811
955	5.77	0.95374	0.80747
956	5.775	0.94971	0.80395
957	5.78	0.9457	0.80042
958	5.785	0.9417	0.7969
959	5.79	0.93773	0.79338
960	5.795	0.93377	0.78986
961	5.8	0.92983	0.78634
962	5.805	0.92591	0.78283
963	5.81	0.922	0.77932
964	5.815	0.91811	0.7758
965	5.82	0.91424	0.77229
966	5.825	0.91039	0.76879
967	5.83	0.90656	0.76528
968	5.835	0.90274	0.76177
969	5.84	0.89894	0.75827
970	5.845	0.89516	0.75476
971	5.85	0.89139	0.75126
972	5.855	0.88764	0.74776
973	5.86	0.88391	0.74426
974	5.865	0.8802	0.74076
975	5.87	0.8765	0.73726
976	5.875	0.87283	0.73377
977	5.88	0.86917	0.73027
978	5.885	0.86552	0.72678
979	5.89	0.8619	0.72328
980	5.895	0.85829	0.71979
981	5.9	0.8547	0.7163
982	5.905	0.85113	0.71281
983	5.91	0.84757	0.70933
984	5.915	0.84404	0.70584
985	5.92	0.84051	0.70236
986	5.925	0.83701	0.69888
987	5.93	0.83353	0.6954
988	5.935	0.83006	0.69192
989	5.94	0.82661	0.68844
990	5.945	0.82317	0.68497
991	5.95	0.81976	0.68149
992	5.955	0.81636	0.67802
993	5.96	0.81298	0.67455
994	5.965	0.80961	0.67108
995	5.97	0.80627	0.66762
996	5.975	0.80294	0.66416
997	5.98	0.79962	0.66069
998	5.985	0.79633	0.65723
999	5.99	0.79305	0.65378
1000	5.995	0.78979	0.65032
1001	6	0.78655	0.64686
1002	6.005	0.78332	0.64341
1003	6.01	0.78011	0.63996
1004	6.015	0.77692	0.63651
1005	6.02	0.77375	0.63307
1006	6.025	0.77059	0.62962
1007	6.03	0.76745	0.62618
1008	6.035	0.76433	0.62274
1009	6.04	0.76123	0.6193
1010	6.045	0.75814	0.61587
1011	6.05	0.75507	0.61243
1012	6.055	0.75201	0.609
1013	6.06	0.74898	0.60557
1014	6.065	0.74596	0.60214
1015	6.07	0.74296	0.59872
1016	6.075	0.73997	0.59529
1017	6.08	0.737	0.59187
1018	6.085	0.73405	0.58845
1019	6.09	0.73112	0.58503
1020	6.095	0.7282	0.58162
1021	6.1	0.7253	0.5782
1022	6.105	0.72242	0.57479
1023	6.11	0.71955	0.57138
1024	6.115	0.71671	0.56797
1025	6.12	0.71387	0.56456
1026	6.125	0.71106	0.56115
1027	6.13	0.70826	0.55775
1028	6.135	0.70548	0.55435
1029	6.14	0.70272	0.55095
1030	6.145	0.69997	0.54755
1031	6.15	0.69724	0.54415
1032	6.155	0.69453	0.54076
1033	6.16	0.69184	0.53737
1034	6.165	0.68916	0.53397
1035	6.17	0.6865	0.53058
1036	6.175	0.68385	0.5272
1037	6.18	0.68123	0.52381
1038	6.185	0.67861	0.52043
1039	6.19	0.67602	0.51704
1040	6.195	0.67344	0.51366
1041	6.2	0.67088	0.51028
1042	6.205	0.66834	0.50691
1043	6.21	0.66582	0.50353
1044	6.215	0.66331	0.50016
1045	6.22	0.66081	0.49679
1046	6.225	0.65834	0.49342
1047	6.23	0.65588	0.49005
1048	6.235	0.65344	0.48669
1049	6.24	0.65101	0.48332
1050	6.245	0.6486	0.47996
1051	6.25	0.64621	0.47661
1052	6.255	0.64384	0.47325
1053	6.26	0.64148	0.4699
1054	6.265	0.63914	0.46656
1055	6.27	0.63681	0.46321
1056	6.275	0.63451	0.45987
1057	6.28	0.63222	0.45653
1058	6.285	0.62994	0.4532
1059	6.29	0.62768	0.44987
1060	6.295	0.62544	0.44655
1061	6.3	0.62322	0.44323
1062	6.305	0.62101	0.43991
1063	6.31	0.61882	0.4366
1064	6.315	0.61664	0.43329
1065	6.32	0.61449	0.42999
1066	6.325	0.61234	0.4267
1067	6.33	0.61022	0.42341
1068	6.335	0.60811	0.42012
1069	6.34	0.60602	0.41685
1070	6.345	0.60394	0.41358
1071	6.35	0.60188	0.41031
1072	6.355	0.59984	0.40706
1073	6.36	0.59781	0.40381
1074	6.365	0.5958	0.40057
1075	6.37	0.59381	0.39733
1076	6.375	0.59183	0.39411
1077	6.38	0.58987	0.39089
1078	6.385	0.58792	0.38768
1079	6.39	0.58599	0.38449
1080	6.395	0.58407	0.3813
1081	6.4	0.58218	0.37812
1082	6.405	0.58029	0.37494
1083	6.41	0.57843	0.37178
1084	6.415	0.57658	0.36863
1085	6.42	0.57474	0.36549
1086	6.425	0.57292	0.36237
1087	6.43	0.57112	0.35925
1088	6.435	0.56933	0.35614
1089	6.44	0.56755	0.35305
1090	6.445	0.5658	0.34996
1091	6.45	0.56405	0.34689
1092	6.455	0.56233	0.34384
1093	6.46	0.56062	0.34079
1094	6.465	0.55892	0.33776
1095	6.47	0.55724	0.33474
1096	6.475	0.55557	0.33173
1097	6.48	0.55392	0.32874
1098	6.485	0.55229	0.32576
1099	6.49	0.55066	0.3228
1100	6.495	0.54906	0.31985
1101	6.5	0.54747	0.31691
1102	6.505	0.54589	0.31399
1103	6.51	0.54433	0.31108
1104	6.515	0.54278	0.3082
1105	6.52	0.54124	0.30532
1106	6.525	0.53972	0.30246
1107	6.53	0.53822	0.29962
1108	6.535	0.53673	0.2968
1109	6.54	0.53525	0.29399
1110	6.545	0.53379	0.2912
1111	6.55	0.53234	0.28842
1112	6.555	0.5309	0.28567
1113	6.56	0.52948	0.28293
1114	6.565	0.52807	0.28021
1115	6.57	0.52668	0.27751
1116	6.575	0.5253	0.27482
1117	6.58	0.52393	0.27216
1118	6.585	0.52258	0.26951
1119	6.59	0.52124	0.26689
1120	6.595	0.51991	0.26428
1121	6.6	0.51859	0.2617
1122	6.605	0.51729	0.25914
1123	6.61	0.516	0.25659
1124	6.615	0.51473	0.25407
1125	6.62	0.51346	0.25157
1126	6.625	0.51221	0.24909
1127	6.63	0.51097	0.24663
1128	6.635	0.50974	0.24419
1129	6.64	0.50853	0.24178
1130	6.645	0.50733	0.23939
1131	6.65	0.50614	0.23702
1132	6.655	0.50496	0.23468
1133	6.66	0.50379	0.23236
1134	6.665	0.50263	0.23006
1135	6.67	0.50149	0.22778
1136	6.675	0.50035	0.22554
1137	6.68	0.49923	0.22331
1138	6.685	0.49812	0.22111
1139	6.69	0.49702	0.21893
1140	6.695	0.49593	0.21678
1141	6.7	0.49485	0.21466
1142	6.705	0.49379	0.21256
1143	6.71	0.49273	0.21048
1144	6.715	0.49168	0.20843
1145	6.72	0.49064	0.20641
1146	6.725	0.48962	0.20441
1147	6.73	0.4886	0.20244
1148	6.735	0.48759	0.2005
1149	6.74	0.48659	0.19858
1150	6.745	0.48561	0.19669
1151	6.75	0.48463	0.19482
1152	6.755	0.48366	0.19298
1153	6.76	0.4827	0.19117
1154	6.765	0.48175	0.18939
1155	6.77	0.4808	0.18763
1156	6.775	0.47987	0.1859
1157	6.78	0.47895	0.18419
1158	6.785	0.47803	0.18252
1159	6.79	0.47712	0.18087
1160	6.795	0.47622	0.17924
1161	6.8	0.47533	0.17765
1162	6.805	0.47444	0.17608
1163	6.81	0.47357	0.17453
1164	6.815	0.4727	0.17302
1165	6.82	0.47184	0.17153
1166	6.825	0.47098	0.17006
1167	6.83	0.47014	0.16863
1168	6.835	0.4693	0.16722
1169	6.84	0.46846	0.16583
1170	6.845	0.46764	0.16448
1171	6.85	0.46682	0.16314
1172	6.855	0.46601	0.16184
1173	6.86	0.4652	0.16056
1174	6.865	0.4644	0.1593
1175	6.87	0.46361	0.15807
1176	6.875	0.46282	0.15687
1177	6.88	0.46204	0.15569
1178	6.885	0.46126	0.15453
1179	6.89	0.46049	0.1534
1180	6.895	0.45973	0.15229
1181	6.9	0.45897	0.15121
1182	6.905	0.45822	0.15015
1183	6.91	0.45747	0.14912
1184	6.915	0.45673	0.14811
1185	6.92	0.45599	0.14712
1186	6.925	0.45526	0.14615
1187	6.93	0.45453	0.14521
1188	6.935	0.4538	0.14428
1189	6.94	0.45308	0.14338
1190	6.945	0.45237	0.14251
1191	6.95	0.45166	0.14165
1192	6.955	0.45095	0.14081
1193	6.96	0.45025	0.14
1194	6.965	0.44955	0.13921
1195	6.97	0.44886	0.13843
1196	6.975	0.44817	0.13768
1197	6.98	0.44748	0.13695
1198	6.985	0.4468	0.13623
1199	6.99	0.44612	0.13554
1200	6.995	0.44544	0.13487
1201	7	0.44477	0.13421
1202	7.005	0.4441	0.13357
1203	7.01	0.44344	0.13295
1204	7.015	0.44277	0.13235
1205	7.02	0.44211	0.13177
1206	7.025	0.44145	0.13121
1207	7.03	0.4408	0.13066
1208	7.035	0.44015	0.13013
1209	7.04	0.4395	0.12962
1210	7.045	0.43885	0.12912
1211	7.05	0.43821	0.12864
1212	7.055	0.43757	0.12818
1213	7.06	0.43693	0.12773
1214	7.065	0.43629	0.1273
1215	7.07	0.43565	0.12689
1216	7.075	0.43502	0.12649
1217	7.08	0.43439	0.12611
1218	7.085	0.43376	0.12574
1219	7.09	0.43313	0.12539
1220	7.095	0.4325	0.12505
1221	7.1	0.43188	0.12473
1222	7.105	0.43126	0.12443
1223	7.11	0.43064	0.12414
1224	7.115	0.43002	0.12386
1225	7.12	0.4294	0.1236
1226	7.125	0.42878	0.12335
1227	7.13	0.42816	0.12312
1228	7.135	0.42755	0.1229
1229	7.14	0.42693	0.12269
1230	7.145	0.42632	0.1225
1231	7.15	0.42571	0.12232
1232	7.155	0.4251	0.12216
1233	7.16	0.42449	0.12201
1234	7.165	0.42388	0.12187
1235	7.17	0.42327	0.12175
1236	7.175	0.42266	0.12164
1237	7.18	0.42205	0.12155
1238	7.185	0.42144	0.12146
1239	7.19	0.42084	0.12139
1240	7.195	0.42023	0.12133
1241	7.2	0.41962	0.12129
1242	7.205	0.41902	0.12126
1243	7.21	0.41841	0.12124
1244	7.215	0.41781	0.12123
1245	7.22	0.4172	0.12124
1246	7.225	0.41659	0.12126
1247	7.23	0.41599	0.12129
1248	7.235	0.41538	0.12133
1249	7.24	0.41477	0.12138
1250	7.245	0.41417	0.12145
1251	7.25	0.41356	0.12152
1252	7.255	0.41295	0.12161
1253	7.26	0.41234	0.12171
1254	7.265	0.41173	0.12182
1255	7.27	0.41112	0.12195
1256	7.275	0.41051	0.12208
1257	7.28	0.4099	0.12222
1258	7.285	0.40929	0.12238
1259	7.29	0.40868	0.12254
1260	7.295	0.40807	0.12272
1261	7.3	0.40745	0.12291
1262	7.305	0.40684	0.1231
1263	7.31	0.40622	0.12331
1264	7.315	0.4056	0.12352
1265	7.32	0.40499	0.12375
1266	7.325	0.40437	0.12399
1267	7.33	0.40375	0.12423
1268	7.335	0.40313	0.12449
1269	7.34	0.4025	0.12475
1270	7.345	0.40188	0.12502
1271	7.35	0.40125	0.1253
1272	7.355	0.40062	0.12559
1273	7.36	0.4	0.12589
1274	7.365	0.39937	0.12619
1275	7.37	0.39873	0.12651
1276	7.375	0.3981	0.12683
1277	7.38	0.39747	0.12716
1278	7.385	0.39683	0.1275
1279	7.39	0.39619	0.12784
1280	7.395	0.39555	0.12819
1281	7.4	0.39491	0.12855
1282	7.405	0.39427	0.12892
1283	7.41	0.39362	0.12929
1284	7.415	0.39297	0.12966
1285	7.42	0.39232	0.13005
1286	7.425	0.39167	0.13044
1287	7.43	0.39102	0.13083
1288	7.435	0.39036	0.13123
1289	7.44	0.38971	0.13164
1290	7.445	0.38905	0.13205
1291	7.45	0.38839	0.13246
1292	7.455	0.38772	0.13288
1293	7.46	0.38706	0.1333
1294	7.465	0.38639	0.13373
1295	7.47	0.38572	0.13416
1296	7.475	0.38505	0.13459
1297	7.48	0.38437	0.13503
1298	7.485	0.3837	0.13547
1299	7.49	0.38302	0.13591
1300	7.495	0.38234	0.13636
1301	7.5	0.38166	0.13681
1302	7.505	0.38097	0.13725
1303	7.51	0.38028	0.13771
1304	7.515	0.37959	0.13816
1305	7.52	0.3789	0.13861
1306	7.525	0.37821	0.13907
1307	7.53	0.37751	0.13952
1308	7.535	0.37681	0.13998
1309	7.54	0.37611	0.14043
1310	7.545	0.37541	0.14089
1311	7.55	0.3747	0.14134
1312	7.555	0.37399	0.1418
1313	7.56	0.37328	0.14225
1314	7.565	0.37257	0.14271
1315	7.57	0.37186	0.14316
1316	7.575	0.37114	0.14361
1317	7.58	0.37042	0.14406
1318	7.585	0.3697	0.14451
1319	7.59	0.36898	0.14496
1320	7.595	0.36825	0.14541
1321	7.6	0.36752	0.14585
1322	7.605	0.36679	0.14629
1323	7.61	0.36606	0.14673
1324	7.615	0.36532	0.14717
1325	7.62	0.36459	0.1476
1326	7.625	0.36385	0.14803
1327	7.63	0.36311	0.14846
1328	7.635	0.36236	0.14888
1329	7.64	0.36162	0.14931
1330	7.645	0.36087	0.14972
1331	7.65	0.36012	0.15014
1332	7.655	0.35937	0.15055
1333	7.66	0.35862	0.15096
1334	7.665	0.35786	0.15136
1335	7.67	0.3571	0.15176
1336	7.675	0.35634	0.15216
1337	7.68	0.35558	0.15255
1338	7.685	0.35482	0.15294
1339	7.69	0.35405	0.15333
1340	7.695	0.35328	0.15371
1341	7.7	0.35251	0.15409
1342	7.705	0.35174	0.15446
1343	7.71	0.35097	0.15483
1344	7.715	0.35019	0.15519
1345	7.72	0.34942	0.15555
1346	7.725	0.34864	0.15591
1347	7.73	0.34786	0.15626
1348	7.735	0.34708	0.15661
1349	7.74	0.34629	0.15696
1350	7.745	0.34551	0.1573
1351	7.75	0.34472	0.15763
1352	7.755	0.34393	0.15797
1353	7.76	0.34314	0.15829
1354	7.765	0.34235	0.15862
1355	7.77	0.34155	0.15894
1356	7.775	0.34076	0.15926
1357	7.78	0.33996	0.15957
1358	7.785	0.33916	0.15988
1359	7.79	0.33836	0.16018
1360	7.795	0.33756	0.16049
1361	7.8	0.33676	0.16078
1362	7.805	0.33595	0.16108
1363	7.81	0.33515	0.16137
1364	7.815	0.33434	0.16166
1365	7.82	0.33353	0.16194
1366	7.825	0.33272	0.16223
1367	7.83	0.33191	0.1625
1368	7.835	0.33109	0.16278
1369	7.84	0.33028	0.16305
1370	7.845	0.32946	0.16332
1371	7.85	0.32865	0.16359
1372	7.855	0.32783	0.16385
1373	7.86	0.32701	0.16411
1374	7.865	0.32619	0.16437
1375	7.87	0.32536	0.16462
1376	7.875	0.32454	0.16487
1377	7.88	0.32372	0.16512
1378	7.885	0.32289	0.16537
1379	7.89	0.32206	0.16561
1380	7.895	0.32123	0.16585
1381	7.9	0.3204	0.16609
1382	7.905	0.31957	0.16632
1383	7.91	0.31874	0.16655
1384	7.915	0.31791	0.16678
1385	7.92	0.31707	0.16701
1386	7.925	0.31624	0.16723
1387	7.93	0.3154	0.16745
1388	7.935	0.31456	0.16767
1389	7.94	0.31372	0.16789
1390	7.945	0.31288	0.1681
1391	7.95	0.31204	0.16831
1392	7.955	0.3112	0.16851
1393	7.96	0.31036	0.16872
1394	7.965	0.30951	0.16892
1395	7.97	0.30867	0.16911
1396	7.975	0.30782	0.16931
1397	7.98	0.30697	0.1695
1398	7.985	0.30613	0.16969
1399	7.99	0.30528	0.16987
1400	7.995	0.30443	0.17005
1401	8	0.30358	0.17023
1402	8.005	0.30273	0.17041
1403	8.01	0.30187	0.17058
1404	8.015	0.30102	0.17075
1405	8.02	0.30017	0.17092
1406	8.025	0.29931	0.17108
1407	8.03	0.29845	0.17124
1408	8.035	0.2976	0.1714
1409	8.04	0.29674	0.17155
1410	8.045	0.29588	0.1717
1411	8.05	0.29502	0.17185
1412	8.055	0.29416	0.17199
1413	8.06	0.2933	0.17213
1414	8.065	0.29244	0.17227
1415	8.07	0.29158	0.17241
1416	8.075	0.29072	0.17254
1417	8.08	0.28986	0.17267
1418	8.085	0.28899	0.1728
1419	8.09	0.28813	0.17292
1420	8.095	0.28726	0.17304
1421	8.1	0.2864	0.17316
1422	8.105	0.28553	0.17327
1423	8.11	0.28466	0.17338
1424	8.115	0.2838	0.17349
1425	8.12	0.28293	0.1736
1426	8.125	0.28206	0.1737
1427	8.13	0.28119	0.1738
1428	8.135	0.28032	0.1739
1429	8.14	0.27945	0.17399
1430	8.145	0.27858	0.17408
1431	8.15	0.27771	0.17417
1432	8.155	0.27684	0.17426
1433	8.16	0.27597	0.17434
1434	8.165	0.2751	0.17443
1435	8.17	0.27423	0.17451
1436	8.175	0.27335	0.17458
1437	8.18	0.27248	0.17466
1438	8.185	0.27161	0.17473
1439	8.19	0.27073	0.1748
1440	8.195	0.26986	0.17487
1441	8.2	0.26898	0.17493
1442	8.205	0.26811	0.17499
1443	8.21	0.26723	0.17506
1444	8.215	0.26636	0.17511
1445	8.22	0.26548	0.17517
1446	8.225	0.26461	0.17522
1447	8.23	0.26373	0.17528
1448	8.235	0.26285	0.17532
1449	8.24	0.26198	0.17537
1450	8.245	0.2611	0.17542
1451	8.25	0.26022	0.17546
1452	8.255	0.25935	0.1755
1453	8.26	0.25847	0.17554
1454	8.265	0.25759	0.17558
1455	8.27	0.25671	0.17561
1456	8.275	0.25583	0.17564
1457	8.28	0.25496	0.17567
1458	8.285	0.25408	0.1757
1459	8.29	0.2532	0.17572
1460	8.295	0.25232	0.17574
1461	8.3	0.25144	0.17576
1462	8.305	0.25056	0.17578
1463	8.31	0.24968	0.1758
1464	8.315	0.2488	0.17581
1465	8.32	0.24793	0.17582
1466	8.325	0.24705	0.17582
1467	8.33	0.24617	0.17583
1468	8.335	0.24529	0.17583
1469	8.34	0.24441	0.17582
1470	8.345	0.24353	0.17582
1471	8.35	0.24265	0.17581
1472	8.355	0.24177	0.17579
1473	8.36	0.24089	0.17578
1474	8.365	0.24001	0.17576
1475	8.37	0.23914	0.17573
1476	8.375	0.23826	0.1757
1477	8.38	0.23738	0.17567
1478	8.385	0.2365	0.17563
1479	8.39	0.23562	0.17559
1480	8.395	0.23474	0.17555
1481	8.4	0.23387	0.17549
1482	8.405	0.23299	0.17544
1483	8.41	0.23211	0.17538
1484	8.415	0.23124	0.17531
1485	8.42	0.23036	0.17524
1486	8.425	0.22948	0.17516
1487	8.43	0.22861	0.17508
1488	8.435	0.22773	0.17499
1489	8.44	0.22686	0.17489
1490	8.445	0.22598	0.17479
1491	8.45	0.22511	0.17468
1492	8.455	0.22424	0.17457
1493	8.46	0.22336	0.17444
1494	8.465	0.22249	0.17432
1495	8.47	0.22162	0.17418
1496	8.475	0.22075	0.17404
1497	8.48	0.21988	0.17389
1498	8.485	0.21901	0.17373
1499	8.49	0.21814	0.17357
1500	8.495	0.21728	0.1734
1501	8.5	0.21641	0.17322
1502	8.505	0.21554	0.17303
1503	8.51	0.21468	0.17284
1504	8.515	0.21382	0.17264
1505	8.52	0.21295	0.17243
1506	8.525	0.21209	0.17221
1507	8.53	0.21123	0.17198
1508	8.535	0.21037	0.17175
1509	8.54	0.20951	0.17151
1510	8.545	0.20866	0.17126
1511	8.55	0.2078	0.171
1512	8.555	0.20695	0.17073
1513	8.56	0.20609	0.17045
1514	8.565	0.20524	0.17017
1515	8.57	0.20439	0.16988
1516	8.575	0.20354	0.16958
1517	8.58	0.2027	0.16927
1518	8.585	0.20185	0.16895
1519	8.59	0.20101	0.16862
1520	8.595	0.20016	0.16828
1521	8.6	0.19932	0.16794
1522	8.605	0.19848	0.16758
1523	8.61	0.19765	0.16722
1524	8.615	0.19681	0.16685
1525	8.62	0.19598	0.16647
1526	8.625	0.19515	0.16608
1527	8.63	0.19432	0.16568
1528	8.635	0.19349	0.16528
1529	8.64	0.19267	0.16486
1530	8.645	0.19184	0.16444
1531	8.65	0.19102	0.164
1532	8.655	0.1902	0.16356
1533	8.66	0.18939	0.16311
1534	8.665	0.18857	0.16265
1535	8.67	0.18776	0.16218
1536	8.675	0.18695	0.1617
1537	8.68	0.18614	0.16122
1538	8.685	0.18534	0.16072
1539	8.69	0.18453	0.16022
1540	8.695	0.18374	0.1597
1541	8.7	0.18294	0.15918
1542	8.705	0.18214	0.15865
1543	8.71	0.18135	0.15811
1544	8.715	0.18056	0.15756
1545	8.72	0.17978	0.15701
1546	8.725	0.17899	0.15644
1547	8.73	0.17821	0.15586
1548	8.735	0.17743	0.15528
1549	8.74	0.17666	0.15469
1550	8.745	0.17589	0.15409
1551	8.75	0.17512	0.15348
1552	8.755	0.17435	0.15286
1553	8.76	0.17359	0.15224
1554	8.765	0.17283	0.15161
1555	8.77	0.17207	0.15096
1556	8.775	0.17132	0.15031
1557	8.78	0.17057	0.14965
1558	8.785	0.16982	0.14899
1559	8.79	0.16908	0.14831
1560	8.795	0.16834	0.14763
1561	8.8	0.1676	0.14694
1562	8.805	0.16687	0.14624
1563	8.81	0.16614	0.14554
1564	8.815	0.16542	0.14482
1565	8.82	0.16469	0.1441
1566	8.825	0.16397	0.14337
1567	8.83	0.16326	0.14263
1568	8.835	0.16255	0.14189
1569	8.84	0.16184	0.14114
1570	8.845	0.16114	0.14038
1571	8.85	0.16044	0.13961
1572	8.855	0.15974	0.13884
1573	8.86	0.15905	0.13806
1574	8.865	0.15836	0.13727
1575	8.87	0.15768	0.13648
1576	8.875	0.157	0.13567
1577	8.88	0.15632	0.13486
1578	8.885	0.15565	0.13405
1579	8.89	0.15498	0.13323
1580	8.895	0.15431	0.1324
1581	8.9	0.15365	0.13156
1582	8.905	0.153	0.13072
1583	8.91	0.15235	0.12988
1584	8.915	0.1517	0.12902
1585	8.92	0.15106	0.12816
1586	8.925	0.15042	0.1273
1587	8.93	0.14978	0.12643
1588	8.935	0.14915	0.12555
1589	8.94	0.14853	0.12467
1590	8.945	0.14791	0.12378
1591	8.95	0.14729	0.12288
1592	8.955	0.14668	0.12199
1593	8.96	0.14607	0.12108
1594	8.965	0.14547	0.12017
1595	8.97	0.14487	0.11926
1596	8.975	0.14427	0.11834
1597	8.98	0.14369	0.11742
1598	8.985	0.1431	0.11649
1599	8.99	0.14252	0.11556
1600	8.995	0.14195	0.11462
1601	9	0.14137	0.11368
1602	9.005	0.14081	0.11273
1603	9.01	0.14025	0.11178
1604	9.015	0.13969	0.11083
1605	9.02	0.13914	0.10988
1606	9.025	0.13859	0.10892
1607	9.03	0.13805	0.10795
1608	9.035	0.13751	0.10698
1609	9.04	0.13698	0.10601
1610	9.045	0.13645	0.10504
1611	9.05	0.13593	0.10406
1612	9.055	0.13541	0.10309
1613	9.06	0.1349	0.1021
1614	9.065	0.13439	0.10112
1615	9.07	0.13389	0.10013
1616	9.075	0.13339	0.09914
1617	9.08	0.1329	0.09815
1618	9.085	0.13241	0.09716
1619	9.09	0.13192	0.09616
1620	9.095	0.13145	0.09516
1621	9.1	0.13097	0.09416
1622	9.105	0.1305	0.09316
1623	9.11	0.13004	0.09216
1624	9.115	0.12958	0.09115
1625	9.12	0.12913	0.09015
1626	9.125	0.12868	0.08914
1627	9.13	0.12824	0.08813
1628	9.135	0.1278	0.08712
1629	9.14	0.12737	0.08611
1630	9.145	0.12694	0.08509
1631	9.15	0.12652	0.08408
1632	9.155	0.1261	0.08307
1633	9.16	0.12569	0.08205
1634	9.165	0.12528	0.08103
1635	9.17	0.12488	0.08002
1636	9.175	0.12448	0.079
1637	9.18	0.12409	0.07798
1638	9.185	0.1237	0.07696
1639	9.19	0.12332	0.07594
1640	9.195	0.12294	0.07492
1641	9.2	0.12257	0.0739
1642	9.205	0.1222	0.07288
1643	9.21	0.12184	0.07186
1644	9.215	0.12148	0.07084
1645	9.22	0.12113	0.06982
1646	9.225	0.12078	0.0688
1647	9.23	0.12044	0.06778
1648	9.235	0.1201	0.06675
1649	9.24	0.11977	0.06573
1650	9.245	0.11945	0.06471
1651	9.25	0.11913	0.06369
1652	9.255	0.11881	0.06267
1653	9.26	0.1185	0.06165
1654	9.265	0.11819	0.06063
1655	9.27	0.11789	0.05961
1656	9.275	0.1176	0.05859
1657	9.28	0.11731	0.05757
1658	9.285	0.11702	0.05656
1659	9.29	0.11674	0.05554
1660	9.295	0.11647	0.05452
1661	9.3	0.1162	0.05351
1662	9.305	0.11593	0.0525
1663	9.31	0.11567	0.05148
1664	9.315	0.11542	0.05047
1665	9.32	0.11517	0.04946
1666	9.325	0.11492	0.04846
1667	9.33	0.11468	0.04745
1668	9.335	0.11445	0.04645
1669	9.34	0.11422	0.04544
1670	9.345	0.11399	0.04444
1671	9.35	0.11377	0.04345
1672	9.355	0.11356	0.04245
1673	9.36	0.11335	0.04146
1674	9.365	0.11314	0.04047
1675	9.37	0.11294	0.03948
1676	9.375	0.11275	0.03849
1677	9.38	0.11256	0.03751
1678	9.385	0.11237	0.03653
1679	9.39	0.11219	0.03555
1680	9.395	0.11202	0.03458
1681	9.4	0.11185	0.03361
1682	9.405	0.11168	0.03264
1683	9.41	0.11152	0.03168
1684	9.415	0.11137	0.03072
1685	9.42	0.11121	0.02977
1686	9.425	0.11107	0.02881
1687	9.43	0.11093	0.02787
1688	9.435	0.11079	0.02692
1689	9.44	0.11066	0.02598
1690	9.445	0.11053	0.02505
1691	9.45	0.11041	0.02412
1692	9.455	0.11029	0.0232
1693	9.46	0.11017	0.02228
1694	9.465	0.11007	0.02136
1695	9.47	0.10996	0.02045
1696	9.475	0.10986	0.01954
1697	9.48	0.10977	0.01864
1698	9.485	0.10967	0.01775
1699	9.49	0.10959	0.01686
1700	9.495	0.10951	0.01598
1701	9.5	0.10943	0.0151
1702	9.505	0.10936	0.01423
1703	9.51	0.10929	0.01336
1704	9.515	0.10922	0.0125
1705	9.52	0.10916	0.01164
1706	9.525	0.10911	0.0108
1707	9.53	0.10905	0.00995
1708	9.535	0.10901	0.00912
1709	9.54	0.10896	0.00829
1710	9.545	0.10892	0.00747
1711	9.55	0.10889	0.00665
1712	9.555	0.10886	0.00584
1713	9.56	0.10883	0.00504
1714	9.565	0.10881	0.00424
1715	9.57	0.10879	0.00345
1716	9.575	0.10877	0.00267
1717	9.58	0.10876	0.00189
1718	9.585	0.10875	0.00113
1719	9.59	0.10875	3.64393E-4
1720	9.595	0.10875	-3.89899E-4
1721	9.6	0.10875	-0.00114
1722	9.605	0.10876	-0.00188
1723	9.61	0.10877	-0.00261
1724	9.615	0.10879	-0.00334
1725	9.62	0.1088	-0.00406
1726	9.625	0.10883	-0.00477
1727	9.63	0.10885	-0.00547
1728	9.635	0.10888	-0.00617
1729	9.64	0.10891	-0.00686
1730	9.645	0.10895	-0.00754
1731	9.65	0.10899	-0.00822
1732	9.655	0.10903	-0.00889
1733	9.66	0.10908	-0.00955
1734	9.665	0.10913	-0.01021
1735	9.67	0.10918	-0.01086
1736	9.675	0.10924	-0.0115
1737	9.68	0.1093	-0.01214
1738	9.685	0.10936	-0.01277
1739	9.69	0.10942	-0.01339
1740	9.695	0.10949	-0.01401
1741	9.7	0.10956	-0.01462
1742	9.705	0.10964	-0.01522
1743	9.71	0.10972	-0.01582
1744	9.715	0.1098	-0.01642
1745	9.72	0.10988	-0.017
1746	9.725	0.10997	-0.01758
1747	9.73	0.11006	-0.01816
1748	9.735	0.11015	-0.01873
1749	9.74	0.11024	-0.0193
1750	9.745	0.11034	-0.01986
1751	9.75	0.11044	-0.02041
1752	9.755	0.11054	-0.02096
1753	9.76	0.11065	-0.02151
1754	9.765	0.11076	-0.02205
1755	9.77	0.11087	-0.02258
1756	9.775	0.11099	-0.02311
1757	9.78	0.1111	-0.02364
1758	9.785	0.11122	-0.02416
1759	9.79	0.11134	-0.02468
1760	9.795	0.11147	-0.0252
1761	9.8	0.1116	-0.02571
1762	9.805	0.11173	-0.02622
1763	9.81	0.11186	-0.02672
1764	9.815	0.11199	-0.02723
1765	9.82	0.11213	-0.02773
1766	9.825	0.11227	-0.02822
1767	9.83	0.11241	-0.02871
1768	9.835	0.11256	-0.0292
1769	9.84	0.11271	-0.02969
1770	9.845	0.11285	-0.03018
1771	9.85	0.11301	-0.03066
1772	9.855	0.11316	-0.03114
1773	9.86	0.11332	-0.03162
1774	9.865	0.11348	-0.0321
1775	9.87	0.11364	-0.03257
1776	9.875	0.1138	-0.03305
1777	9.88	0.11397	-0.03352
1778	9.885	0.11414	-0.03399
1779	9.89	0.11431	-0.03446
1780	9.895	0.11448	-0.03493
1781	9.9	0.11466	-0.0354
1782	9.905	0.11484	-0.03587
1783	9.91	0.11502	-0.03634
1784	9.915	0.1152	-0.03681
1785	9.92	0.11539	-0.03727
1786	9.925	0.11557	-0.03774
1787	9.93	0.11576	-0.03821
1788	9.935	0.11596	-0.03868
1789	9.94	0.11615	-0.03914
1790	9.945	0.11635	-0.03961
1791	9.95	0.11655	-0.04008
1792	9.955	0.11675	-0.04055
1793	9.96	0.11695	-0.04102
1794	9.965	0.11716	-0.04149
1795	9.97	0.11737	-0.04196
1796	9.975	0.11758	-0.04243
1797	9.98	0.11779	-0.0429
1798	9.985	0.11801	-0.04337
1799	9.99	0.11822	-0.04384
1800	9.995	0.11844	-0.04432
1801	10	0.11867	-0.04479
1802	10.005	0.11889	-0.04527
1803	10.01	0.11912	-0.04575
1804	10.015	0.11935	-0.04622
1805	10.02	0.11958	-0.0467
1806	10.025	0.11982	-0.04718
1807	10.03	0.12005	-0.04766
1808	10.035	0.12029	-0.04814
1809	10.04	0.12054	-0.04862
1810	10.045	0.12078	-0.04911
1811	10.05	0.12103	-0.04959
1812	10.055	0.12128	-0.05007
1813	10.06	0.12153	-0.05056
1814	10.065	0.12178	-0.05104
1815	10.07	0.12204	-0.05153
1816	10.075	0.1223	-0.05201
1817	10.08	0.12256	-0.0525
1818	10.085	0.12282	-0.05298
1819	10.09	0.12309	-0.05347
1820	10.095	0.12336	-0.05395
1821	10.1	0.12363	-0.05444
1822	10.105	0.1239	-0.05492
1823	10.11	0.12418	-0.0554
1824	10.115	0.12445	-0.05588
1825	10.12	0.12474	-0.05637
1826	10.125	0.12502	-0.05685
1827	10.13	0.1253	-0.05732
1828	10.135	0.12559	-0.0578
1829	10.14	0.12588	-0.05828
1830	10.145	0.12617	-0.05875
1831	10.15	0.12647	-0.05922
1832	10.155	0.12677	-0.05969
1833	10.16	0.12707	-0.06015
1834	10.165	0.12737	-0.06062
1835	10.17	0.12767	-0.06108
1836	10.175	0.12798	-0.06153
1837	10.18	0.12829	-0.06199
1838	10.185	0.1286	-0.06244
1839	10.19	0.12891	-0.06288
1840	10.195	0.12923	-0.06333
1841	10.2	0.12955	-0.06376
1842	10.205	0.12987	-0.0642
1843	10.21	0.13019	-0.06463
1844	10.215	0.13051	-0.06505
1845	10.22	0.13084	-0.06547
1846	10.225	0.13117	-0.06588
1847	10.23	0.1315	-0.06629
1848	10.235	0.13183	-0.06669
1849	10.24	0.13216	-0.06708
1850	10.245	0.1325	-0.06747
1851	10.25	0.13284	-0.06785
1852	10.255	0.13318	-0.06823
1853	10.26	0.13352	-0.06859
1854	10.265	0.13386	-0.06895
1855	10.27	0.13421	-0.06931
1856	10.275	0.13456	-0.06965
1857	10.28	0.13491	-0.06999
1858	10.285	0.13526	-0.07032
1859	10.29	0.13561	-0.07064
1860	10.295	0.13596	-0.07095
1861	10.3	0.13632	-0.07125
1862	10.305	0.13668	-0.07154
1863	10.31	0.13703	-0.07183
1864	10.315	0.13739	-0.0721
1865	10.32	0.13776	-0.07236
1866	10.325	0.13812	-0.07262
1867	10.33	0.13848	-0.07286
1868	10.335	0.13885	-0.0731
1869	10.34	0.13921	-0.07332
1870	10.345	0.13958	-0.07353
1871	10.35	0.13995	-0.07374
1872	10.355	0.14032	-0.07393
1873	10.36	0.14069	-0.07411
1874	10.365	0.14106	-0.07428
1875	10.37	0.14143	-0.07444
1876	10.375	0.1418	-0.07459
1877	10.38	0.14218	-0.07472
1878	10.385	0.14255	-0.07485
1879	10.39	0.14292	-0.07496
1880	10.395	0.1433	-0.07506
1881	10.4	0.14368	-0.07515
1882	10.405	0.14405	-0.07523
1883	10.41	0.14443	-0.0753
1884	10.415	0.1448	-0.07535
1885	10.42	0.14518	-0.0754
1886	10.425	0.14556	-0.07543
1887	10.43	0.14594	-0.07544
1888	10.435	0.14631	-0.07545
1889	10.44	0.14669	-0.07545
1890	10.445	0.14707	-0.07543
1891	10.45	0.14744	-0.0754
1892	10.455	0.14782	-0.07536
1893	10.46	0.1482	-0.0753
1894	10.465	0.14857	-0.07524
1895	10.47	0.14895	-0.07516
1896	10.475	0.14933	-0.07507
1897	10.48	0.1497	-0.07497
1898	10.485	0.15008	-0.07485
1899	10.49	0.15045	-0.07473
1900	10.495	0.15082	-0.07459
1901	10.5	0.1512	-0.07444
1902	10.505	0.15157	-0.07428
1903	10.51	0.15194	-0.07411
1904	10.515	0.15231	-0.07392
1905	10.52	0.15268	-0.07373
1906	10.525	0.15305	-0.07352
1907	10.53	0.15341	-0.07331
1908	10.535	0.15378	-0.07308
1909	10.54	0.15414	-0.07284
1910	10.545	0.15451	-0.07259
1911	10.55	0.15487	-0.07233
1912	10.555	0.15523	-0.07206
1913	10.56	0.15559	-0.07177
1914	10.565	0.15595	-0.07148
1915	10.57	0.1563	-0.07118
1916	10.575	0.15666	-0.07087
1917	10.58	0.15701	-0.07055
1918	10.585	0.15737	-0.07022
1919	10.59	0.15772	-0.06988
1920	10.595	0.15806	-0.06953
1921	10.6	0.15841	-0.06917
1922	10.605	0.15876	-0.0688
1923	10.61	0.1591	-0.06842
1924	10.615	0.15944	-0.06803
1925	10.62	0.15978	-0.06764
1926	10.625	0.16012	-0.06724
1927	10.63	0.16045	-0.06682
1928	10.635	0.16078	-0.0664
1929	10.64	0.16112	-0.06598
1930	10.645	0.16144	-0.06554
1931	10.65	0.16177	-0.0651
1932	10.655	0.1621	-0.06465
1933	10.66	0.16242	-0.06419
1934	10.665	0.16274	-0.06372
1935	10.67	0.16305	-0.06325
1936	10.675	0.16337	-0.06277
1937	10.68	0.16368	-0.06229
1938	10.685	0.16399	-0.06179
1939	10.69	0.1643	-0.06129
1940	10.695	0.16461	-0.06079
1941	10.7	0.16491	-0.06027
1942	10.705	0.16521	-0.05976
1943	10.71	0.16551	-0.05923
1944	10.715	0.1658	-0.0587
1945	10.72	0.16609	-0.05816
1946	10.725	0.16638	-0.05762
1947	10.73	0.16667	-0.05707
1948	10.735	0.16695	-0.05652
1949	10.74	0.16723	-0.05596
1950	10.745	0.16751	-0.0554
1951	10.75	0.16779	-0.05483
1952	10.755	0.16806	-0.05425
1953	10.76	0.16833	-0.05367
1954	10.765	0.1686	-0.05308
1955	10.77	0.16886	-0.05249
1956	10.775	0.16912	-0.0519
1957	10.78	0.16938	-0.0513
1958	10.785	0.16964	-0.05069
1959	10.79	0.16989	-0.05008
1960	10.795	0.17014	-0.04947
1961	10.8	0.17038	-0.04884
1962	10.805	0.17062	-0.04822
1963	10.81	0.17086	-0.04759
1964	10.815	0.1711	-0.04696
1965	10.82	0.17133	-0.04632
1966	10.825	0.17156	-0.04567
1967	10.83	0.17179	-0.04502
1968	10.835	0.17201	-0.04437
1969	10.84	0.17223	-0.04371
1970	10.845	0.17245	-0.04305
1971	10.85	0.17266	-0.04238
1972	10.855	0.17287	-0.04171
1973	10.86	0.17308	-0.04103
1974	10.865	0.17329	-0.04035
1975	10.87	0.17349	-0.03966
1976	10.875	0.17368	-0.03897
1977	10.88	0.17387	-0.03828
1978	10.885	0.17406	-0.03758
1979	10.89	0.17425	-0.03687
1980	10.895	0.17443	-0.03616
1981	10.9	0.17461	-0.03544
1982	10.905	0.17479	-0.03472
1983	10.91	0.17496	-0.034
1984	10.915	0.17513	-0.03327
1985	10.92	0.17529	-0.03253
1986	10.925	0.17545	-0.03179
1987	10.93	0.17561	-0.03105
1988	10.935	0.17576	-0.0303
1989	10.94	0.17591	-0.02954
1990	10.945	0.17606	-0.02878
1991	10.95	0.1762	-0.02801
1992	10.955	0.17634	-0.02724
1993	10.96	0.17647	-0.02647
1994	10.965	0.1766	-0.02569
1995	10.97	0.17673	-0.0249
1996	10.975	0.17685	-0.02411
1997	10.98	0.17697	-0.02332
1998	10.985	0.17709	-0.02252
1999	10.99	0.1772	-0.02172
2000	10.995	0.1773	-0.02091
2001	11	0.17741	-0.02009
2002	11.005	0.1775	-0.01928
2003	11.01	0.1776	-0.01845
2004	11.015	0.17769	-0.01763
2005	11.02	0.17777	-0.0168
2006	11.025	0.17786	-0.01596
2007	11.03	0.17793	-0.01512
2008	11.035	0.17801	-0.01428
2009	11.04	0.17808	-0.01343
2010	11.045	0.17814	-0.01258
2011	11.05	0.1782	-0.01173
2012	11.055	0.17826	-0.01087
2013	11.06	0.17831	-0.01001
2014	11.065	0.17836	-0.00915
2015	11.07	0.1784	-0.00828
2016	11.075	0.17844	-0.00742
2017	11.08	0.17848	-0.00655
2018	11.085	0.17851	-0.00567
2019	11.09	0.17853	-0.0048
2020	11.095	0.17856	-0.00392
2021	11.1	0.17857	-0.00305
2022	11.105	0.17859	-0.00217
2023	11.11	0.17859	-0.00129
2024	11.115	0.1786	-4.07177E-4
2025	11.12	0.1786	4.73647E-4
2026	11.125	0.17859	0.00135
2027	11.13	0.17859	0.00224
2028	11.135	0.17857	0.00312
2029	11.14	0.17855	0.004
2030	11.145	0.17853	0.00488
2031	11.15	0.17851	0.00575
2032	11.155	0.17847	0.00663
2033	11.16	0.17844	0.00751
2034	11.165	0.1784	0.00838
2035	11.17	0.17836	0.00925
2036	11.175	0.17831	0.01012
2037	11.18	0.17825	0.01099
2038	11.185	0.1782	0.01185
2039	11.19	0.17814	0.01271
2040	11.195	0.17807	0.01357
2041	11.2	0.178	0.01442
2042	11.205	0.17793	0.01527
2043	11.21	0.17785	0.01611
2044	11.215	0.17776	0.01695
2045	11.22	0.17768	0.01779
2046	11.225	0.17759	0.01862
2047	11.23	0.17749	0.01945
2048	11.235	0.17739	0.02027
2049	11.24	0.17729	0.02108
2050	11.245	0.17718	0.02189
2051	11.25	0.17707	0.02269
2052	11.255	0.17695	0.02348
2053	11.26	0.17683	0.02427
2054	11.265	0.17671	0.02506
2055	11.27	0.17658	0.02583
2056	11.275	0.17645	0.0266
2057	11.28	0.17632	0.02736
2058	11.285	0.17618	0.02811
2059	11.29	0.17604	0.02886
2060	11.295	0.17589	0.0296
2061	11.3	0.17574	0.03033
2062	11.305	0.17559	0.03105
2063	11.31	0.17543	0.03176
2064	11.315	0.17527	0.03247
2065	11.32	0.17511	0.03317
2066	11.325	0.17494	0.03386
2067	11.33	0.17477	0.03454
2068	11.335	0.17459	0.03521
2069	11.34	0.17442	0.03587
2070	11.345	0.17423	0.03652
2071	11.35	0.17405	0.03717
2072	11.355	0.17386	0.03781
2073	11.36	0.17367	0.03844
2074	11.365	0.17348	0.03905
2075	11.37	0.17328	0.03966
2076	11.375	0.17308	0.04027
2077	11.38	0.17288	0.04086
2078	11.385	0.17267	0.04144
2079	11.39	0.17246	0.04202
2080	11.395	0.17225	0.04258
2081	11.4	0.17204	0.04314
2082	11.405	0.17182	0.04369
2083	11.41	0.1716	0.04423
2084	11.415	0.17138	0.04476
2085	11.42	0.17115	0.04528
2086	11.425	0.17093	0.0458
2087	11.43	0.1707	0.0463
2088	11.435	0.17046	0.0468
2089	11.44	0.17023	0.04729
2090	11.445	0.16999	0.04777
2091	11.45	0.16975	0.04825
2092	11.455	0.16951	0.04872
2093	11.46	0.16926	0.04917
2094	11.465	0.16902	0.04963
2095	11.47	0.16877	0.05007
2096	11.475	0.16852	0.05051
2097	11.48	0.16826	0.05093
2098	11.485	0.16801	0.05136
2099	11.49	0.16775	0.05177
2100	11.495	0.16749	0.05218
2101	11.5	0.16723	0.05258
2102	11.505	0.16696	0.05298
2103	11.51	0.1667	0.05337
2104	11.515	0.16643	0.05375
2105	11.52	0.16616	0.05413
2106	11.525	0.16589	0.0545
2107	11.53	0.16561	0.05487
2108	11.535	0.16534	0.05523
2109	11.54	0.16506	0.05558
2110	11.545	0.16478	0.05593
2111	11.55	0.1645	0.05628
2112	11.555	0.16422	0.05662
2113	11.56	0.16394	0.05695
2114	11.565	0.16365	0.05728
2115	11.57	0.16336	0.05761
2116	11.575	0.16307	0.05793
2117	11.58	0.16278	0.05825
2118	11.585	0.16249	0.05856
2119	11.59	0.1622	0.05887
2120	11.595	0.1619	0.05917
2121	11.6	0.16161	0.05948
2122	11.605	0.16131	0.05977
2123	11.61	0.16101	0.06007
2124	11.615	0.16071	0.06036
2125	11.62	0.16041	0.06065
2126	11.625	0.1601	0.06093
2127	11.63	0.1598	0.06122
2128	11.635	0.15949	0.0615
2129	11.64	0.15918	0.06177
2130	11.645	0.15887	0.06205
2131	11.65	0.15856	0.06232
2132	11.655	0.15825	0.06259
2133	11.66	0.15794	0.06286
2134	11.665	0.15762	0.06312
2135	11.67	0.1573	0.06339
2136	11.675	0.15699	0.06365
2137	11.68	0.15667	0.06391
2138	11.685	0.15635	0.06417
2139	11.69	0.15603	0.06442
2140	11.695	0.1557	0.06468
2141	11.7	0.15538	0.06493
2142	11.705	0.15505	0.06518
2143	11.71	0.15473	0.06544
2144	11.715	0.1544	0.06569
2145	11.72	0.15407	0.06594
2146	11.725	0.15374	0.06618
2147	11.73	0.15341	0.06643
2148	11.735	0.15308	0.06668
2149	11.74	0.15274	0.06693
2150	11.745	0.15241	0.06717
2151	11.75	0.15207	0.06742
2152	11.755	0.15173	0.06766
2153	11.76	0.15139	0.06791
2154	11.765	0.15105	0.06815
2155	11.77	0.15071	0.06839
2156	11.775	0.15037	0.06864
2157	11.78	0.15003	0.06888
2158	11.785	0.14968	0.06912
2159	11.79	0.14933	0.06937
2160	11.795	0.14899	0.06961
2161	11.8	0.14864	0.06985
2162	11.805	0.14829	0.07009
2163	11.81	0.14794	0.07033
2164	11.815	0.14758	0.07058
2165	11.82	0.14723	0.07082
2166	11.825	0.14688	0.07106
2167	11.83	0.14652	0.0713
2168	11.835	0.14616	0.07154
2169	11.84	0.14581	0.07178
2170	11.845	0.14545	0.07202
2171	11.85	0.14509	0.07226
2172	11.855	0.14472	0.0725
2173	11.86	0.14436	0.07274
2174	11.865	0.144	0.07298
2175	11.87	0.14363	0.07322
2176	11.875	0.14326	0.07346
2177	11.88	0.1429	0.0737
2178	11.885	0.14253	0.07393
2179	11.89	0.14216	0.07417
2180	11.895	0.14178	0.07441
2181	11.9	0.14141	0.07464
2182	11.905	0.14104	0.07487
2183	11.91	0.14066	0.07511
2184	11.915	0.14029	0.07534
2185	11.92	0.13991	0.07557
2186	11.925	0.13953	0.0758
2187	11.93	0.13915	0.07602
2188	11.935	0.13877	0.07625
2189	11.94	0.13839	0.07647
2190	11.945	0.13801	0.0767
2191	11.95	0.13762	0.07692
2192	11.955	0.13724	0.07714
2193	11.96	0.13685	0.07735
2194	11.965	0.13646	0.07757
2195	11.97	0.13608	0.07778
2196	11.975	0.13569	0.07799
2197	11.98	0.1353	0.0782
2198	11.985	0.1349	0.07841
2199	11.99	0.13451	0.07861
2200	11.995	0.13412	0.07881
2201	12	0.13372	0.07901
2202	12.005	0.13333	0.07921
2203	12.01	0.13293	0.0794
2204	12.015	0.13253	0.0796
2205	12.02	0.13214	0.07979
2206	12.025	0.13174	0.07997
2207	12.03	0.13134	0.08015
2208	12.035	0.13093	0.08033
2209	12.04	0.13053	0.08051
2210	12.045	0.13013	0.08069
2211	12.05	0.12973	0.08086
2212	12.055	0.12932	0.08103
2213	12.06	0.12892	0.08119
2214	12.065	0.12851	0.08135
2215	12.07	0.1281	0.08151
2216	12.075	0.12769	0.08167
2217	12.08	0.12728	0.08182
2218	12.085	0.12688	0.08197
2219	12.09	0.12647	0.08212
2220	12.095	0.12605	0.08226
2221	12.1	0.12564	0.0824
2222	12.105	0.12523	0.08253
2223	12.11	0.12482	0.08266
2224	12.115	0.1244	0.08279
2225	12.12	0.12399	0.08292
2226	12.125	0.12357	0.08304
2227	12.13	0.12316	0.08316
2228	12.135	0.12274	0.08328
2229	12.14	0.12233	0.08339
2230	12.145	0.12191	0.0835
2231	12.15	0.12149	0.0836
2232	12.155	0.12107	0.08371
2233	12.16	0.12065	0.08381
2234	12.165	0.12023	0.0839
2235	12.17	0.11982	0.08399
2236	12.175	0.1194	0.08408
2237	12.18	0.11897	0.08417
2238	12.185	0.11855	0.08425
2239	12.19	0.11813	0.08433
2240	12.195	0.11771	0.08441
2241	12.2	0.11729	0.08449
2242	12.205	0.11687	0.08456
2243	12.21	0.11644	0.08463
2244	12.215	0.11602	0.08469
2245	12.22	0.1156	0.08476
2246	12.225	0.11517	0.08482
2247	12.23	0.11475	0.08488
2248	12.235	0.11432	0.08494
2249	12.24	0.1139	0.08499
2250	12.245	0.11347	0.08504
2251	12.25	0.11305	0.08509
2252	12.255	0.11262	0.08514
2253	12.26	0.1122	0.08519
2254	12.265	0.11177	0.08523
2255	12.27	0.11134	0.08528
2256	12.275	0.11092	0.08532
2257	12.28	0.11049	0.08536
2258	12.285	0.11006	0.08539
2259	12.29	0.10964	0.08543
2260	12.295	0.10921	0.08547
2261	12.3	0.10878	0.0855
2262	12.305	0.10835	0.08553
2263	12.31	0.10793	0.08556
2264	12.315	0.1075	0.08559
2265	12.32	0.10707	0.08562
2266	12.325	0.10664	0.08565
2267	12.33	0.10621	0.08568
2268	12.335	0.10579	0.0857
2269	12.34	0.10536	0.08573
2270	12.345	0.10493	0.08575
2271	12.35	0.1045	0.08578
2272	12.355	0.10407	0.0858
2273	12.36	0.10364	0.08582
2274	12.365	0.10321	0.08585
2275	12.37	0.10278	0.08587
2276	12.375	0.10235	0.08589
2277	12.38	0.10192	0.08591
2278	12.385	0.10149	0.08593
2279	12.39	0.10106	0.08595
2280	12.395	0.10063	0.08597
2281	12.4	0.10021	0.08599
2282	12.405	0.09978	0.08601
2283	12.41	0.09934	0.08602
2284	12.415	0.09891	0.08604
2285	12.42	0.09848	0.08606
2286	12.425	0.09805	0.08608
2287	12.43	0.09762	0.0861
2288	12.435	0.09719	0.08611
2289	12.44	0.09676	0.08613
2290	12.445	0.09633	0.08615
2291	12.45	0.0959	0.08617
2292	12.455	0.09547	0.08618
2293	12.46	0.09504	0.0862
2294	12.465	0.09461	0.08622
2295	12.47	0.09418	0.08623
2296	12.475	0.09375	0.08625
2297	12.48	0.09331	0.08627
2298	12.485	0.09288	0.08628
2299	12.49	0.09245	0.0863
2300	12.495	0.09202	0.08631
2301	12.5	0.09159	0.08633
2302	12.505	0.09116	0.08635
2303	12.51	0.09073	0.08636
2304	12.515	0.09029	0.08638
2305	12.52	0.08986	0.08639
2306	12.525	0.08943	0.08641
2307	12.53	0.089	0.08642
2308	12.535	0.08857	0.08643
2309	12.54	0.08813	0.08645
2310	12.545	0.0877	0.08646
2311	12.55	0.08727	0.08647
2312	12.555	0.08684	0.08648
2313	12.56	0.0864	0.0865
2314	12.565	0.08597	0.08651
2315	12.57	0.08554	0.08652
2316	12.575	0.08511	0.08652
2317	12.58	0.08467	0.08653
2318	12.585	0.08424	0.08654
2319	12.59	0.08381	0.08654
2320	12.595	0.08338	0.08655
2321	12.6	0.08294	0.08655
2322	12.605	0.08251	0.08655
2323	12.61	0.08208	0.08655
2324	12.615	0.08164	0.08655
2325	12.62	0.08121	0.08655
2326	12.625	0.08078	0.08654
2327	12.63	0.08035	0.08654
2328	12.635	0.07991	0.08653
2329	12.64	0.07948	0.08652
2330	12.645	0.07905	0.08651
2331	12.65	0.07862	0.0865
2332	12.655	0.07818	0.08648
2333	12.66	0.07775	0.08646
2334	12.665	0.07732	0.08644
2335	12.67	0.07689	0.08642
2336	12.675	0.07645	0.08639
2337	12.68	0.07602	0.08637
2338	12.685	0.07559	0.08634
2339	12.69	0.07516	0.0863
2340	12.695	0.07473	0.08627
2341	12.7	0.0743	0.08623
2342	12.705	0.07387	0.08619
2343	12.71	0.07343	0.08615
2344	12.715	0.073	0.0861
2345	12.72	0.07257	0.08605
2346	12.725	0.07214	0.086
2347	12.73	0.07171	0.08594
2348	12.735	0.07128	0.08588
2349	12.74	0.07085	0.08582
2350	12.745	0.07043	0.08575
2351	12.75	0.07	0.08568
2352	12.755	0.06957	0.08561
2353	12.76	0.06914	0.08554
2354	12.765	0.06871	0.08546
2355	12.77	0.06829	0.08538
2356	12.775	0.06786	0.08529
2357	12.78	0.06743	0.0852
2358	12.785	0.06701	0.08511
2359	12.79	0.06658	0.08501
2360	12.795	0.06616	0.08492
2361	12.8	0.06573	0.08481
2362	12.805	0.06531	0.08471
2363	12.81	0.06489	0.0846
2364	12.815	0.06446	0.08449
2365	12.82	0.06404	0.08437
2366	12.825	0.06362	0.08426
2367	12.83	0.0632	0.08413
2368	12.835	0.06278	0.08401
2369	12.84	0.06236	0.08388
2370	12.845	0.06194	0.08375
2371	12.85	0.06152	0.08362
2372	12.855	0.0611	0.08348
2373	12.86	0.06069	0.08334
2374	12.865	0.06027	0.0832
2375	12.87	0.05985	0.08306
2376	12.875	0.05944	0.08291
2377	12.88	0.05903	0.08276
2378	12.885	0.05861	0.08261
2379	12.89	0.0582	0.08245
2380	12.895	0.05779	0.0823
2381	12.9	0.05738	0.08214
2382	12.905	0.05697	0.08197
2383	12.91	0.05656	0.08181
2384	12.915	0.05615	0.08164
2385	12.92	0.05574	0.08148
2386	12.925	0.05533	0.0813
2387	12.93	0.05493	0.08113
2388	12.935	0.05452	0.08096
2389	12.94	0.05412	0.08078
2390	12.945	0.05371	0.0806
2391	12.95	0.05331	0.08042
2392	12.955	0.05291	0.08024
2393	12.96	0.05251	0.08006
2394	12.965	0.05211	0.07988
2395	12.97	0.05171	0.07969
2396	12.975	0.05131	0.0795
2397	12.98	0.05092	0.07931
2398	12.985	0.05052	0.07912
2399	12.99	0.05012	0.07893
2400	12.995	0.04973	0.07874
2401	13	0.04934	0.07854
2402	13.005	0.04894	0.07834
2403	13.01	0.04855	0.07815
2404	13.015	0.04816	0.07795
2405	13.02	0.04777	0.07775
2406	13.025	0.04739	0.07755
2407	13.03	0.047	0.07734
2408	13.035	0.04661	0.07714
2409	13.04	0.04623	0.07693
2410	13.045	0.04584	0.07673
2411	13.05	0.04546	0.07652
2412	13.055	0.04508	0.07631
2413	13.06	0.0447	0.0761
2414	13.065	0.04432	0.07589
2415	13.07	0.04394	0.07567
2416	13.075	0.04356	0.07546
2417	13.08	0.04318	0.07524
2418	13.085	0.04281	0.07502
2419	13.09	0.04243	0.0748
2420	13.095	0.04206	0.07458
2421	13.1	0.04169	0.07436
2422	13.105	0.04132	0.07414
2423	13.11	0.04095	0.07391
2424	13.115	0.04058	0.07369
2425	13.12	0.04021	0.07346
2426	13.125	0.03984	0.07323
2427	13.13	0.03948	0.07299
2428	13.135	0.03911	0.07276
2429	13.14	0.03875	0.07252
2430	13.145	0.03839	0.07229
2431	13.15	0.03803	0.07205
2432	13.155	0.03767	0.0718
2433	13.16	0.03731	0.07156
2434	13.165	0.03695	0.07131
2435	13.17	0.03659	0.07106
2436	13.175	0.03624	0.07081
2437	13.18	0.03589	0.07056
2438	13.185	0.03553	0.0703
2439	13.19	0.03518	0.07004
2440	13.195	0.03483	0.06978
2441	13.2	0.03449	0.06951
2442	13.205	0.03414	0.06925
2443	13.21	0.03379	0.06898
2444	13.215	0.03345	0.06871
2445	13.22	0.03311	0.06843
2446	13.225	0.03277	0.06815
2447	13.23	0.03243	0.06787
2448	13.235	0.03209	0.06759
2449	13.24	0.03175	0.0673
2450	13.245	0.03141	0.06701
2451	13.25	0.03108	0.06671
2452	13.255	0.03075	0.06642
2453	13.26	0.03041	0.06612
2454	13.265	0.03009	0.06582
2455	13.27	0.02976	0.06551
2456	13.275	0.02943	0.0652
2457	13.28	0.0291	0.06489
2458	13.285	0.02878	0.06457
2459	13.29	0.02846	0.06426
2460	13.295	0.02814	0.06393
2461	13.3	0.02782	0.06361
2462	13.305	0.0275	0.06328
2463	13.31	0.02719	0.06295
2464	13.315	0.02687	0.06262
2465	13.32	0.02656	0.06228
2466	13.325	0.02625	0.06194
2467	13.33	0.02594	0.06159
2468	13.335	0.02563	0.06125
2469	13.34	0.02533	0.0609
2470	13.345	0.02503	0.06055
2471	13.35	0.02472	0.06019
2472	13.355	0.02442	0.05983
2473	13.36	0.02413	0.05947
2474	13.365	0.02383	0.05911
2475	13.37	0.02353	0.05874
2476	13.375	0.02324	0.05837
2477	13.38	0.02295	0.058
2478	13.385	0.02266	0.05763
2479	13.39	0.02237	0.05725
2480	13.395	0.02209	0.05687
2481	13.4	0.02181	0.05649
2482	13.405	0.02152	0.0561
2483	13.41	0.02124	0.05572
2484	13.415	0.02097	0.05533
2485	13.42	0.02069	0.05494
2486	13.425	0.02042	0.05454
2487	13.43	0.02015	0.05415
2488	13.435	0.01988	0.05375
2489	13.44	0.01961	0.05335
2490	13.445	0.01934	0.05295
2491	13.45	0.01908	0.05255
2492	13.455	0.01882	0.05214
2493	13.46	0.01856	0.05174
2494	13.465	0.0183	0.05133
2495	13.47	0.01804	0.05092
2496	13.475	0.01779	0.05051
2497	13.48	0.01754	0.05009
2498	13.485	0.01729	0.04968
2499	13.49	0.01704	0.04926
2500	13.495	0.0168	0.04885
2501	13.5	0.01655	0.04843
2502	13.505	0.01631	0.04801
2503	13.51	0.01607	0.04759
2504	13.515	0.01584	0.04717
2505	13.52	0.0156	0.04675
2506	13.525	0.01537	0.04633
2507	13.53	0.01514	0.0459
2508	13.535	0.01491	0.04548
2509	13.54	0.01468	0.04505
2510	13.545	0.01446	0.04463
2511	13.55	0.01424	0.0442
2512	13.555	0.01402	0.04378
2513	13.56	0.0138	0.04335
2514	13.565	0.01358	0.04293
2515	13.57	0.01337	0.0425
2516	13.575	0.01316	0.04207
2517	13.58	0.01295	0.04165
2518	13.585	0.01274	0.04122
2519	13.59	0.01254	0.0408
2520	13.595	0.01233	0.04037
2521	13.6	0.01213	0.03995
2522	13.605	0.01194	0.03952
2523	13.61	0.01174	0.0391
2524	13.615	0.01154	0.03867
2525	13.62	0.01135	0.03825
2526	13.625	0.01116	0.03783
2527	13.63	0.01097	0.03741
2528	13.635	0.01079	0.03699
2529	13.64	0.0106	0.03657
2530	13.645	0.01042	0.03616
2531	13.65	0.01024	0.03574
2532	13.655	0.01006	0.03533
2533	13.66	0.00989	0.03492
2534	13.665	0.00972	0.0345
2535	13.67	0.00954	0.0341
2536	13.675	0.00937	0.03369
2537	13.68	0.00921	0.03328
2538	13.685	0.00904	0.03288
2539	13.69	0.00888	0.03248
2540	13.695	0.00872	0.03208
2541	13.7	0.00856	0.03168
2542	13.705	0.0084	0.03129
2543	13.71	0.00824	0.0309
2544	13.715	0.00809	0.03051
2545	13.72	0.00794	0.03013
2546	13.725	0.00779	0.02974
2547	13.73	0.00764	0.02936
2548	13.735	0.0075	0.02898
2549	13.74	0.00735	0.02861
2550	13.745	0.00721	0.02824
2551	13.75	0.00707	0.02787
2552	13.755	0.00693	0.02751
2553	13.76	0.00679	0.02715
2554	13.765	0.00666	0.02679
2555	13.77	0.00653	0.02643
2556	13.775	0.0064	0.02608
2557	13.78	0.00627	0.02574
2558	13.785	0.00614	0.02539
2559	13.79	0.00601	0.02505
2560	13.795	0.00589	0.02472
2561	13.8	0.00576	0.02439
2562	13.805	0.00564	0.02406
2563	13.81	0.00552	0.02374
2564	13.815	0.00541	0.02342
2565	13.82	0.00529	0.02311
2566	13.825	0.00518	0.0228
2567	13.83	0.00506	0.02249
2568	13.835	0.00495	0.02219
2569	13.84	0.00484	0.02189
2570	13.845	0.00473	0.0216
2571	13.85	0.00462	0.02132
2572	13.855	0.00452	0.02103
2573	13.86	0.00441	0.02076
2574	13.865	0.00431	0.02048
2575	13.87	0.00421	0.02022
2576	13.875	0.00411	0.01995
2577	13.88	0.00401	0.01969
2578	13.885	0.00391	0.01944
2579	13.89	0.00381	0.01919
2580	13.895	0.00372	0.01895
2581	13.9	0.00363	0.01871
2582	13.905	0.00353	0.01847
2583	13.91	0.00344	0.01824
2584	13.915	0.00335	0.01801
2585	13.92	0.00326	0.01778
2586	13.925	0.00317	0.01755
2587	13.93	0.00309	0.01732
2588	13.935	0.003	0.01709
2589	13.94	0.00291	0.01686
2590	13.945	0.00283	0.01663
2591	13.95	0.00275	0.0164
2592	13.955	0.00267	0.01617
2593	13.96	0.00259	0.01593
2594	13.965	0.00251	0.01569
2595	13.97	0.00243	0.01545
2596	13.975	0.00235	0.01521
2597	13.98	0.00228	0.01496
2598	13.985	0.0022	0.01472
2599	13.99	0.00213	0.01446
2600	13.995	0.00206	0.01421
2601	14	0.00199	0.01396
2602	14.005	0.00192	0.0137
2603	14.01	0.00185	0.01344
2604	14.015	0.00178	0.01317
2605	14.02	0.00172	0.01291
2606	14.025	0.00166	0.01264
2607	14.03	0.00159	0.01238
2608	14.035	0.00153	0.01211
2609	14.04	0.00147	0.01184
2610	14.045	0.00141	0.01157
2611	14.05	0.00136	0.0113
2612	14.055	0.0013	0.01103
2613	14.06	0.00125	0.01076
2614	14.065	0.00119	0.0105
2615	14.07	0.00114	0.01023
2616	14.075	0.00109	0.00996
2617	14.08	0.00104	0.0097
2618	14.085	9.93187E-4	0.00943
2619	14.09	9.46673E-4	0.00917
2620	14.095	9.01462E-4	0.00891
2621	14.1	8.57544E-4	0.00866
2622	14.105	8.1491E-4	0.0084
2623	14.11	7.73548E-4	0.00815
2624	14.115	7.33447E-4	0.0079
2625	14.12	6.94594E-4	0.00765
2626	14.125	6.56979E-4	0.0074
2627	14.13	6.20589E-4	0.00716
2628	14.135	5.85412E-4	0.00692
2629	14.14	5.51435E-4	0.00668
2630	14.145	5.18648E-4	0.00644
2631	14.15	4.87038E-4	0.00621
2632	14.155	4.56596E-4	0.00597
2633	14.16	4.27309E-4	0.00574
2634	14.165	3.99168E-4	0.00551
2635	14.17	3.72161E-4	0.00529
2636	14.175	3.46278E-4	0.00507
2637	14.18	3.21508E-4	0.00484
2638	14.185	2.97839E-4	0.00462
2639	14.19	2.75259E-4	0.00441
2640	14.195	2.53756E-4	0.00419
2641	14.2	2.33316E-4	0.00398
2642	14.205	2.13925E-4	0.00377
2643	14.21	1.95567E-4	0.00357
2644	14.215	1.78227E-4	0.00337
2645	14.22	1.61887E-4	0.00317
2646	14.225	1.46529E-4	0.00298
2647	14.23	1.32132E-4	0.00279
2648	14.235	1.18675E-4	0.0026
2649	14.24	1.06136E-4	0.00242
2650	14.245	9.44899E-5	0.00224
2651	14.25	8.37115E-5	0.00207
2652	14.255	7.37735E-5	0.00191
2653	14.26	6.46472E-5	0.00175
2654	14.265	5.63025E-5	0.00159
2655	14.27	4.87079E-5	0.00145
2656	14.275	4.18305E-5	0.00131
2657	14.28	3.56361E-5	0.00117
2658	14.285	3.00894E-5	0.00105
2659	14.29	2.5154E-5	9.29655E-4
2660	14.295	2.07928E-5	8.18619E-4
2661	14.3	1.69678E-5	7.15217E-4
2662	14.305	1.36406E-5	6.19531E-4
2663	14.31	1.07725E-5	5.31597E-4
2664	14.315	8.32467E-6	4.514E-4
2665	14.32	6.25852E-6	3.78876E-4
2666	14.325	4.53591E-6	3.13906E-4
2667	14.33	3.11945E-6	2.56312E-4
2668	14.335	1.97279E-6	2.0586E-4
2669	14.34	1.06086E-6	1.62255E-4
2670	14.345	3.50239E-7	1.25144E-4
2671	14.35	-1.90583E-7	9.41181E-5
2672	14.355	-5.90943E-7	6.87145E-5
2673	14.36	-8.77729E-7	4.84214E-5
2674	14.365	-1.07516E-6	3.26849E-5
2675	14.37	-1.20458E-6	2.09183E-5
2676	14.375	-1.28434E-6	1.25129E-5
2677	14.38	-1.32971E-6	6.85209E-6
2678	14.385	-1.35286E-6	3.32819E-6
2679	14.39	-1.36299E-6	1.36293E-6
2680	14.395	-1.36649E-6	4.31297E-7
2681	14.4	-1.3673E-6	-1.36649E-4
2682	14.405	0	-1.3673E-4
2683	14.41	0	0
2684	14.415	0	0
2685	14.42	0	0
2686	14.425	0	0
2687	14.43	0	0
2688	14.435	0	0
2689	14.44	0	0
2690	14.445	0	0
2691	14.45	0	0
2692	14.455	0	0
2693	14.46	0	0
2694	14.465	0	0
2695	14.47	0	0
2696	14.475	0	0
2697	14.48	0	0
2698	14.485	0	0
2699	14.49	0	0
2700	14.495	0	0
2701	14.5	0	0
2702	14.505	0	0
2703	14.51	0	0
2704	14.515	0	0
2705	14.52	0	0
2706	14.525	0	0
2707	14.53	0	0
2708	14.535	0	0
2709	14.54	0	0
2710	14.545	0	0
2711	14.55	0	0
2712	14.555	0	0
2713	14.56	0	0
2714	14.565	0	0
2715	14.57	0	0
2716	14.575	0	0
2717	14.58	0	0
2718	14.585	0	0
2719	14.59	0	0
2720	14.595	0	0
2721	14.6	0	0
2722	14.605	0	0
2723	14.61	0	0
2724	14.615	0	0
2725	14.62	0	0
2726	14.625	0	0
2727	14.63	0	0
2728	14.635	0	0
2729	14.64	0	0
2730	14.645	0	0
2731	14.65	0	0
2732	14.655	0	0
2733	14.66	0	0
2734	14.665	0	0
2735	14.67	0	0
2736	14.675	0	0
2737	14.68	0	0
2738	14.685	0	0
2739	14.69	0	0
2740	14.695	0	0
2741	14.7	0	0
2742	14.705	0	0
2743	14.71	0	0
2744	14.715	0	0
2745	14.72	0	0
2746	14.725	0	0
2747	14.73	0	0
2748	14.735	0	0
2749	14.74	0	0
2750	14.745	0	0
2751	14.75	0	0
2752	14.755	0	0
2753	14.76	0	0
2754	14.765	0	0
2755	14.77	0	0
2756	14.775	0	0
2757	14.78	0	0
2758	14.785	0	0
2759	14.79	0	0
2760	14.795	0	0
2761	14.8	0	0
2762	14.805	0	0
2763	14.81	0	0
2764	14.815	0	0
2765	14.82	0	0
2766	14.825	0	0
2767	14.83	0	0
2768	14.835	0	0
2769	14.84	0	0
2770	14.845	0	0
2771	14.85	0	0
2772	14.855	0	0
2773	14.86	0	0
2774	14.865	0	0
2775	14.87	0	0
2776	14.875	0	0
2777	14.88	0	0
2778	14.885	0	0
2779	14.89	0	0
2780	14.895	0	0
2781	14.9	0	0
2782	14.905	0	0
2783	14.91	0	0
2784	14.915	0	0
2785	14.92	0	0
2786	14.925	0	0
2787	14.93	0	0
2788	14.935	0	0
2789	14.94	0	0
2790	14.945	0	0
2791	14.95	0	0
2792	14.955	0	0
2793	14.96	0	0
2794	14.965	0	0
2795	14.97	0	0
2796	14.975	0	0
2797	14.98	0	0
2798	14.985	0	0
2799	14.99	0	0
2800	14.995	0	0
2801	15	0	0
