BOCS
N 2801

1	1	851.22822	1188.14818
2	1.005	845.28748	1184.93427
3	1.01	839.37888	1178.5088
4	1.015	833.50239	1172.08828
5	1.02	827.658	1165.67311
6	1.025	821.84566	1159.26362
7	1.03	816.06536	1152.86005
8	1.035	810.31706	1146.4626
9	1.04	804.60074	1140.07143
10	1.045	798.91635	1133.68663
11	1.05	793.26387	1127.3083
12	1.055	787.64327	1120.93647
13	1.06	782.0545	1114.57117
14	1.065	776.49755	1108.21238
15	1.07	770.97238	1101.8601
16	1.075	765.47895	1095.51429
17	1.08	760.01724	1089.1749
18	1.085	754.5872	1082.84187
19	1.09	749.18882	1076.51512
20	1.095	743.82205	1070.19458
21	1.1	738.48687	1063.88015
22	1.105	733.18325	1057.57172
23	1.11	727.91116	1051.26917
24	1.115	722.67056	1044.97239
25	1.12	717.46143	1038.68122
26	1.125	712.28375	1032.39551
27	1.13	707.13748	1026.11508
28	1.135	702.0226	1019.83974
29	1.14	696.93908	1013.56929
30	1.145	691.8869	1007.30347
31	1.15	686.86605	1001.04204
32	1.155	681.87648	994.78471
33	1.16	676.9182	988.53116
34	1.165	671.99117	982.28105
35	1.17	667.09539	976.03398
36	1.175	662.23083	969.78953
37	1.18	657.39749	963.54723
38	1.185	652.59536	957.30657
39	1.19	647.82443	951.06698
40	1.195	643.08469	944.82783
41	1.2	638.37615	938.58844
42	1.205	633.69881	932.34803
43	1.21	629.05267	926.10578
44	1.215	624.43775	919.86076
45	1.22	619.85406	913.61194
46	1.225	615.30163	907.35818
47	1.23	610.78048	901.09824
48	1.235	606.29065	894.83069
49	1.24	601.83217	888.55398
50	1.245	597.40511	882.26634
51	1.25	593.00951	875.9658
52	1.255	588.64545	869.65013
53	1.26	584.31301	863.31682
54	1.265	580.01228	856.96303
55	1.27	575.74338	850.58554
56	1.275	571.50642	844.18077
57	1.28	567.30157	837.74473
58	1.285	563.12898	831.27305
59	1.29	558.98884	824.76115
60	1.295	554.88137	818.20452
61	1.3	550.80679	811.59934
62	1.305	546.76537	804.94353
63	1.31	542.75736	798.23877
64	1.315	538.78298	791.49366
65	1.32	534.84242	784.72878
66	1.325	530.9357	777.98371
67	1.33	527.06258	771.32483
68	1.335	523.22245	764.84893
69	1.34	519.41409	758.66888
70	1.345	515.63576	752.85376
71	1.35	511.88556	747.55247
72	1.355	508.16023	742.35257
73	1.36	504.46203	736.94847
74	1.365	500.79075	731.58372
75	1.37	497.14619	726.25802
76	1.375	493.52817	720.9711
77	1.38	489.93648	715.72265
78	1.385	486.37094	710.51242
79	1.39	482.83136	705.34011
80	1.395	479.31754	700.20546
81	1.4	475.8293	695.10819
82	1.405	472.36646	690.04802
83	1.41	468.92882	685.02469
84	1.415	465.51621	680.03793
85	1.42	462.12845	675.08746
86	1.425	458.76534	670.17304
87	1.43	455.42671	665.29439
88	1.435	452.11239	660.45126
89	1.44	448.8222	655.64339
90	1.445	445.55596	650.87051
91	1.45	442.3135	646.13238
92	1.455	439.09464	641.42874
93	1.46	435.89921	636.75934
94	1.465	432.72704	632.12393
95	1.47	429.57797	627.52227
96	1.475	426.45182	622.95411
97	1.48	423.34843	618.4192
98	1.485	420.26763	613.9173
99	1.49	417.20926	609.44818
100	1.495	414.17315	605.01159
101	1.5	411.15914	600.6073
102	1.505	408.16707	596.23507
103	1.51	405.19679	591.89466
104	1.515	402.24813	587.58586
105	1.52	399.32093	583.30842
106	1.525	396.41504	579.06212
107	1.53	393.53031	574.84673
108	1.535	390.66658	570.66203
109	1.54	387.82369	566.50779
110	1.545	385.0015	562.38379
111	1.55	382.19985	558.28981
112	1.555	379.4186	554.22564
113	1.56	376.6576	550.19105
114	1.565	373.91669	546.18584
115	1.57	371.19574	542.20978
116	1.575	368.49459	538.26266
117	1.58	365.81311	534.34428
118	1.585	363.15115	530.45442
119	1.59	360.50857	526.59288
120	1.595	357.88522	522.75945
121	1.6	355.28097	518.95393
122	1.605	352.69568	515.17611
123	1.61	350.12921	511.42579
124	1.615	347.58142	507.70277
125	1.62	345.05218	504.00686
126	1.625	342.54135	500.33785
127	1.63	340.0488	496.69554
128	1.635	337.5744	493.07976
129	1.64	335.11801	489.49029
130	1.645	332.6795	485.92696
131	1.65	330.25874	482.38956
132	1.655	327.8556	478.87792
133	1.66	325.46996	475.39184
134	1.665	323.10168	471.93114
135	1.67	320.75065	468.49563
136	1.675	318.41673	465.08513
137	1.68	316.0998	461.69946
138	1.685	313.79973	458.33843
139	1.69	311.51641	455.00187
140	1.695	309.24971	451.6896
141	1.7	306.99952	448.40145
142	1.705	304.7657	445.13722
143	1.71	302.54814	441.89677
144	1.715	300.34673	438.6799
145	1.72	298.16134	435.48645
146	1.725	295.99187	432.31624
147	1.73	293.83818	429.16912
148	1.735	291.70017	426.0449
149	1.74	289.57773	422.94343
150	1.745	287.47074	419.86454
151	1.75	285.37909	416.80806
152	1.755	283.30266	413.77382
153	1.76	281.24135	410.76168
154	1.765	279.19504	407.77147
155	1.77	277.16363	404.80302
156	1.775	275.14701	401.85618
157	1.78	273.14507	398.9308
158	1.785	271.15771	396.02671
159	1.79	269.18481	393.14376
160	1.795	267.22627	390.2818
161	1.8	265.28199	387.44067
162	1.805	263.35186	384.62022
163	1.81	261.43579	381.82031
164	1.815	259.53366	379.04078
165	1.82	257.64538	376.28148
166	1.825	255.77084	373.54227
167	1.83	253.90995	370.823
168	1.835	252.06261	368.12353
169	1.84	250.22872	365.4437
170	1.845	248.40818	362.78339
171	1.85	246.60089	360.14244
172	1.855	244.80675	357.52072
173	1.86	243.02568	354.91808
174	1.865	241.25757	352.33439
175	1.87	239.50233	349.76951
176	1.875	237.75988	347.22329
177	1.88	236.0301	344.69562
178	1.885	234.31292	342.18634
179	1.89	232.60824	339.69534
180	1.895	230.91597	337.22246
181	1.9	229.23601	334.76759
182	1.905	227.56829	332.33059
183	1.91	225.91271	329.91133
184	1.915	224.26918	327.50967
185	1.92	222.63761	325.12551
186	1.925	221.01792	322.7587
187	1.93	219.41002	320.40912
188	1.935	217.81383	318.07664
189	1.94	216.22926	315.76114
190	1.945	214.65622	313.4625
191	1.95	213.09463	311.18059
192	1.955	211.54441	308.9153
193	1.96	210.00548	306.66649
194	1.965	208.47775	304.43406
195	1.97	206.96114	302.21787
196	1.975	205.45557	300.01782
197	1.98	203.96096	297.83379
198	1.985	202.47723	295.66565
199	1.99	201.0043	293.5133
200	1.995	199.5421	291.37662
201	2	198.09054	289.25549
202	2.005	196.64954	287.1498
203	2.01	195.21904	285.05944
204	2.015	193.79895	282.9843
205	2.02	192.3892	280.92426
206	2.025	190.98971	278.87922
207	2.03	189.6004	276.84907
208	2.035	188.22122	274.83369
209	2.04	186.85207	272.83299
210	2.045	185.49289	270.84685
211	2.05	184.1436	268.87517
212	2.055	182.80413	266.91785
213	2.06	181.47442	264.97477
214	2.065	180.15439	263.04584
215	2.07	178.84396	261.13095
216	2.075	177.54308	259.23
217	2.08	176.25166	257.34288
218	2.085	174.96965	255.46951
219	2.09	173.69697	253.60977
220	2.095	172.43355	251.76357
221	2.1	171.17933	249.93081
222	2.105	169.93424	248.1114
223	2.11	168.69822	246.30522
224	2.115	167.47119	244.5122
225	2.12	166.2531	242.73223
226	2.125	165.04387	240.96522
227	2.13	163.84344	239.21106
228	2.135	162.65176	237.46968
229	2.14	161.46875	235.74098
230	2.145	160.29435	234.02486
231	2.15	159.1285	232.32123
232	2.155	157.97114	230.63001
233	2.16	156.8222	228.95109
234	2.165	155.68162	227.2844
235	2.17	154.54935	225.62984
236	2.175	153.42533	223.98733
237	2.18	152.30948	222.35677
238	2.185	151.20176	220.73809
239	2.19	150.1021	219.13118
240	2.195	149.01045	217.53598
241	2.2	147.92674	215.95238
242	2.205	146.85092	214.38032
243	2.21	145.78294	212.8197
244	2.215	144.72273	211.27044
245	2.22	143.67023	209.73246
246	2.225	142.6254	208.20567
247	2.23	141.58818	206.69
248	2.235	140.5585	205.18536
249	2.24	139.53632	203.69168
250	2.245	138.52158	202.20887
251	2.25	137.51423	200.73685
252	2.255	136.51422	199.27555
253	2.26	135.52148	197.82489
254	2.265	134.53597	196.38478
255	2.27	133.55763	194.95516
256	2.275	132.58642	193.53595
257	2.28	131.62227	192.12707
258	2.285	130.66514	190.72845
259	2.29	129.71499	189.34
260	2.295	128.77174	187.96167
261	2.3	127.83537	186.59337
262	2.305	126.90581	185.23503
263	2.31	125.98302	183.88658
264	2.315	125.06695	182.54794
265	2.32	124.15754	181.21905
266	2.325	123.25475	179.89983
267	2.33	122.35854	178.59022
268	2.335	121.46885	177.29014
269	2.34	120.58564	175.99952
270	2.345	119.70886	174.7183
271	2.35	118.83846	173.44641
272	2.355	117.97439	172.18377
273	2.36	117.11662	170.93033
274	2.365	116.26509	169.68601
275	2.37	115.41976	168.45075
276	2.375	114.58058	167.22448
277	2.38	113.74751	166.00714
278	2.385	112.92051	164.79866
279	2.39	112.09953	163.59898
280	2.395	111.28452	162.40803
281	2.4	110.47545	161.22575
282	2.405	109.67226	160.05208
283	2.41	108.87493	158.88695
284	2.415	108.08339	157.7303
285	2.42	107.29762	156.58208
286	2.425	106.51757	155.44221
287	2.43	105.7432	154.31064
288	2.435	104.97447	153.1873
289	2.44	104.21133	152.07215
290	2.445	103.45375	150.96511
291	2.45	102.70168	149.86613
292	2.455	101.95508	148.77516
293	2.46	101.21393	147.69212
294	2.465	100.47816	146.61697
295	2.47	99.74776	145.54964
296	2.475	99.02267	144.49009
297	2.48	98.30286	143.43825
298	2.485	97.58828	142.39406
299	2.49	96.87891	141.35748
300	2.495	96.17471	140.32844
301	2.5	95.47563	139.30689
302	2.505	94.78164	138.29278
303	2.51	94.0927	137.28605
304	2.515	93.40878	136.28666
305	2.52	92.72984	135.29453
306	2.525	92.05583	134.30963
307	2.53	91.38674	133.3319
308	2.535	90.72252	132.36128
309	2.54	90.06313	131.39774
310	2.545	89.40854	130.4412
311	2.55	88.75871	129.49163
312	2.555	88.11362	128.54897
313	2.56	87.47323	127.61318
314	2.565	86.83749	126.68419
315	2.57	86.20638	125.76197
316	2.575	85.57987	124.84647
317	2.58	84.95792	123.93762
318	2.585	84.34049	123.0354
319	2.59	83.72756	122.13974
320	2.595	83.1191	121.2506
321	2.6	82.51506	120.36793
322	2.605	81.91542	119.49169
323	2.61	81.32014	118.62183
324	2.615	80.7292	117.7583
325	2.62	80.14256	116.90106
326	2.625	79.56019	116.05006
327	2.63	78.98206	115.20525
328	2.635	78.40814	114.36659
329	2.64	77.83839	113.53404
330	2.645	77.2728	112.70755
331	2.65	76.71132	111.88707
332	2.655	76.15393	111.07257
333	2.66	75.60059	110.264
334	2.665	75.05129	109.46131
335	2.67	74.50598	108.66446
336	2.675	73.96464	107.87342
337	2.68	73.42724	107.08814
338	2.685	72.89376	106.30857
339	2.69	72.36416	105.53468
340	2.695	71.83841	104.76642
341	2.7	71.31649	104.00375
342	2.705	70.79837	103.24664
343	2.71	70.28403	102.49503
344	2.715	69.77342	101.7489
345	2.72	69.26654	101.0082
346	2.725	68.76334	100.2729
347	2.73	68.26381	99.54294
348	2.735	67.76791	98.8183
349	2.74	67.27563	98.09893
350	2.745	66.78692	97.3848
351	2.75	66.30178	96.67587
352	2.755	65.82017	95.9721
353	2.76	65.34206	95.27346
354	2.765	64.86743	94.5799
355	2.77	64.39626	93.89138
356	2.775	63.92852	93.20789
357	2.78	63.46418	92.52936
358	2.785	63.00322	91.85578
359	2.79	62.54562	91.1871
360	2.795	62.09135	90.52328
361	2.8	61.64039	89.8643
362	2.805	61.19271	89.21012
363	2.81	60.74829	88.5607
364	2.815	60.3071	87.916
365	2.82	59.86913	87.276
366	2.825	59.43434	86.64066
367	2.83	59.00272	86.00994
368	2.835	58.57424	85.38382
369	2.84	58.14888	84.76225
370	2.845	57.72662	84.14521
371	2.85	57.30743	83.53266
372	2.855	56.89129	82.92457
373	2.86	56.47819	82.3209
374	2.865	56.06808	81.72163
375	2.87	55.66097	81.12673
376	2.875	55.25682	80.53615
377	2.88	54.85561	79.94987
378	2.885	54.45732	79.36786
379	2.89	54.06193	78.79009
380	2.895	53.66942	78.21652
381	2.9	53.27976	77.64713
382	2.905	52.89295	77.08188
383	2.91	52.50894	76.52075
384	2.915	52.12774	75.9637
385	2.92	51.74931	75.41071
386	2.925	51.37363	74.86175
387	2.93	51.00069	74.31678
388	2.935	50.63046	73.77577
389	2.94	50.26293	73.23871
390	2.945	49.89808	72.70556
391	2.95	49.53588	72.17628
392	2.955	49.17631	71.65086
393	2.96	48.81937	71.12927
394	2.965	48.46502	70.61147
395	2.97	48.11325	70.09744
396	2.975	47.76405	69.58715
397	2.98	47.41738	69.08058
398	2.985	47.07324	68.57769
399	2.99	46.73161	68.07847
400	2.995	46.39246	67.58288
401	3	46.05578	67.0909
402	3.005	45.72155	66.6025
403	3.01	45.38975	66.11765
404	3.015	45.06037	65.63634
405	3.02	44.73339	65.15852
406	3.025	44.40879	64.68419
407	3.03	44.08655	64.21331
408	3.035	43.76665	63.74586
409	3.04	43.44909	63.28181
410	3.045	43.13383	62.82114
411	3.05	42.82088	62.36382
412	3.055	42.5102	61.90983
413	3.06	42.20178	61.45915
414	3.065	41.8956	61.01174
415	3.07	41.59166	60.5676
416	3.075	41.28993	60.12668
417	3.08	40.99039	59.68898
418	3.085	40.69304	59.25446
419	3.09	40.39785	58.82311
420	3.095	40.10481	58.3949
421	3.1	39.8139	57.9698
422	3.105	39.52511	57.5478
423	3.11	39.23842	57.12887
424	3.115	38.95382	56.71299
425	3.12	38.67129	56.30014
426	3.125	38.39082	55.89029
427	3.13	38.11239	55.48343
428	3.135	37.83599	55.07952
429	3.14	37.56159	54.67856
430	3.145	37.2892	54.28052
431	3.15	37.01879	53.88537
432	3.155	36.75035	53.49311
433	3.16	36.48386	53.10369
434	3.165	36.21931	52.71711
435	3.17	35.95669	52.33335
436	3.175	35.69598	51.95238
437	3.18	35.43716	51.57418
438	3.185	35.18023	51.19874
439	3.19	34.92518	50.82603
440	3.195	34.67197	50.45603
441	3.2	34.42062	50.08873
442	3.205	34.17109	49.7241
443	3.21	33.92337	49.36212
444	3.215	33.67747	49.00278
445	3.22	33.43335	48.64606
446	3.225	33.191	48.29193
447	3.23	32.95043	47.94038
448	3.235	32.7116	47.59139
449	3.24	32.47451	47.24494
450	3.245	32.23915	46.90101
451	3.25	32.0055	46.55959
452	3.255	31.77356	46.22065
453	3.26	31.5433	45.88417
454	3.265	31.31471	45.55015
455	3.27	31.0878	45.21856
456	3.275	30.86253	44.88938
457	3.28	30.6389	44.5626
458	3.285	30.4169	44.2382
459	3.29	30.19652	43.91616
460	3.295	29.97774	43.59647
461	3.3	29.76055	43.2791
462	3.305	29.54495	42.96404
463	3.31	29.33091	42.65128
464	3.315	29.11844	42.34079
465	3.32	28.90751	42.03256
466	3.325	28.69811	41.72658
467	3.33	28.49024	41.42282
468	3.335	28.28388	41.12128
469	3.34	28.07903	40.82193
470	3.345	27.87566	40.52475
471	3.35	27.67378	40.22975
472	3.355	27.47337	39.93689
473	3.36	27.27441	39.64616
474	3.365	27.0769	39.35755
475	3.37	26.88084	39.07104
476	3.375	26.68619	38.78661
477	3.38	26.49297	38.50426
478	3.385	26.30115	38.22396
479	3.39	26.11073	37.9457
480	3.395	25.92169	37.66947
481	3.4	25.73404	37.39525
482	3.405	25.54774	37.12302
483	3.41	25.36281	36.85278
484	3.415	25.17921	36.5845
485	3.42	24.99696	36.31818
486	3.425	24.81603	36.05379
487	3.43	24.63642	35.79133
488	3.435	24.45812	35.53078
489	3.44	24.28111	35.27213
490	3.445	24.1054	35.01536
491	3.45	23.93096	34.76046
492	3.455	23.75779	34.50741
493	3.46	23.58589	34.25621
494	3.465	23.41523	34.00684
495	3.47	23.24582	33.75928
496	3.475	23.07764	33.51352
497	3.48	22.91068	33.26955
498	3.485	22.74494	33.02736
499	3.49	22.58041	32.78693
500	3.495	22.41707	32.54825
501	3.5	22.25493	32.31131
502	3.505	22.09396	32.0761
503	3.51	21.93417	31.84259
504	3.515	21.77553	31.61079
505	3.52	21.61806	31.38067
506	3.525	21.46173	31.15223
507	3.53	21.30654	30.92545
508	3.535	21.15247	30.70033
509	3.54	20.99953	30.47684
510	3.545	20.84771	30.25497
511	3.55	20.69698	30.03473
512	3.555	20.54736	29.81608
513	3.56	20.39882	29.59903
514	3.565	20.25137	29.38356
515	3.57	20.10499	29.16966
516	3.575	19.95967	28.95731
517	3.58	19.81541	28.74651
518	3.585	19.67221	28.53725
519	3.59	19.53004	28.3295
520	3.595	19.38891	28.12328
521	3.6	19.24881	27.91855
522	3.605	19.10973	27.71531
523	3.61	18.97166	27.51355
524	3.615	18.83459	27.31326
525	3.62	18.69852	27.11443
526	3.625	18.56345	26.91704
527	3.63	18.42935	26.7211
528	3.635	18.29623	26.52657
529	3.64	18.16409	26.33347
530	3.645	18.0329	26.14177
531	3.65	17.90267	25.95147
532	3.655	17.77339	25.76255
533	3.66	17.64504	25.575
534	3.665	17.51764	25.38883
535	3.67	17.39115	25.204
536	3.675	17.2656	25.02053
537	3.68	17.14095	24.83839
538	3.685	17.01721	24.65757
539	3.69	16.89437	24.47807
540	3.695	16.77243	24.29988
541	3.7	16.65138	24.12298
542	3.705	16.5312	23.94737
543	3.71	16.4119	23.77305
544	3.715	16.29347	23.59999
545	3.72	16.1759	23.42818
546	3.725	16.05919	23.25764
547	3.73	15.94333	23.08833
548	3.735	15.82831	22.92025
549	3.74	15.71412	22.7534
550	3.745	15.60077	22.58776
551	3.75	15.48824	22.42333
552	3.755	15.37654	22.2601
553	3.76	15.26564	22.09805
554	3.765	15.15556	21.93718
555	3.77	15.04627	21.77749
556	3.775	14.93778	21.61895
557	3.78	14.83008	21.46157
558	3.785	14.72317	21.30534
559	3.79	14.61703	21.15024
560	3.795	14.51166	20.99628
561	3.8	14.40707	20.84343
562	3.805	14.30323	20.6917
563	3.81	14.20015	20.54107
564	3.815	14.09782	20.39154
565	3.82	13.99623	20.24309
566	3.825	13.89539	20.09573
567	3.83	13.79528	19.94944
568	3.835	13.69589	19.80421
569	3.84	13.59723	19.66004
570	3.845	13.49929	19.51693
571	3.85	13.40207	19.37485
572	3.855	13.30555	19.23381
573	3.86	13.20973	19.09379
574	3.865	13.11461	18.95479
575	3.87	13.02018	18.81681
576	3.875	12.92644	18.67983
577	3.88	12.83338	18.54384
578	3.885	12.741	18.40885
579	3.89	12.64929	18.27484
580	3.895	12.55825	18.14181
581	3.9	12.46787	18.00974
582	3.905	12.37815	17.87863
583	3.91	12.28909	17.74848
584	3.915	12.20067	17.61928
585	3.92	12.1129	17.49102
586	3.925	12.02576	17.36369
587	3.93	11.93926	17.23729
588	3.935	11.85339	17.1118
589	3.94	11.76814	16.98723
590	3.945	11.68351	16.86357
591	3.95	11.5995	16.74081
592	3.955	11.51611	16.61894
593	3.96	11.43332	16.49796
594	3.965	11.35113	16.37786
595	3.97	11.26954	16.25864
596	3.975	11.18854	16.14028
597	3.98	11.10813	16.02278
598	3.985	11.02831	15.90614
599	3.99	10.94907	15.79035
600	3.995	10.87041	15.6754
601	4	10.79232	15.56129
602	4.005	10.7148	15.44801
603	4.01	10.63784	15.33555
604	4.015	10.56144	15.22391
605	4.02	10.4856	15.11309
606	4.025	10.41031	15.00307
607	4.03	10.33557	14.89385
608	4.035	10.26137	14.78543
609	4.04	10.18771	14.6778
610	4.045	10.11459	14.57095
611	4.05	10.042	14.46488
612	4.055	9.96994	14.35958
613	4.06	9.89841	14.25504
614	4.065	9.82739	14.15127
615	4.07	9.7569	14.04825
616	4.075	9.68691	13.94599
617	4.08	9.61744	13.84446
618	4.085	9.54847	13.74368
619	4.09	9.48	13.64363
620	4.095	9.41203	13.54431
621	4.1	9.34456	13.44571
622	4.105	9.27757	13.34783
623	4.11	9.21108	13.25066
624	4.115	9.14507	13.1542
625	4.12	9.07954	13.05844
626	4.125	9.01448	12.96338
627	4.13	8.9499	12.86901
628	4.135	8.88579	12.77533
629	4.14	8.82215	12.68233
630	4.145	8.75897	12.59001
631	4.15	8.69625	12.49836
632	4.155	8.63399	12.40737
633	4.16	8.57218	12.31705
634	4.165	8.51082	12.22739
635	4.17	8.4499	12.13837
636	4.175	8.38943	12.05001
637	4.18	8.3294	11.96229
638	4.185	8.26981	11.87521
639	4.19	8.21065	11.78876
640	4.195	8.15192	11.70294
641	4.2	8.09362	11.61775
642	4.205	8.03574	11.53318
643	4.21	7.97829	11.44922
644	4.215	7.92125	11.36587
645	4.22	7.86463	11.28313
646	4.225	7.80842	11.20099
647	4.23	7.75262	11.11945
648	4.235	7.69723	11.03851
649	4.24	7.64223	10.95815
650	4.245	7.58764	10.87838
651	4.25	7.53345	10.79919
652	4.255	7.47965	10.72057
653	4.26	7.42624	10.64253
654	4.265	7.37323	10.56506
655	4.27	7.32059	10.48815
656	4.275	7.26835	10.4118
657	4.28	7.21648	10.336
658	4.285	7.16499	10.26076
659	4.29	7.11387	10.18606
660	4.295	7.06312	10.11191
661	4.3	7.01275	10.0383
662	4.305	6.96274	9.96523
663	4.31	6.9131	9.89268
664	4.315	6.86381	9.82067
665	4.32	6.81489	9.74917
666	4.325	6.76632	9.6782
667	4.33	6.71811	9.60775
668	4.335	6.67025	9.53781
669	4.34	6.62273	9.46838
670	4.345	6.57556	9.39945
671	4.35	6.52874	9.33102
672	4.355	6.48225	9.2631
673	4.36	6.43611	9.19566
674	4.365	6.39029	9.12872
675	4.37	6.34482	9.06227
676	4.375	6.29967	8.9963
677	4.38	6.25485	8.93081
678	4.385	6.21036	8.86579
679	4.39	6.1662	8.80125
680	4.395	6.12235	8.73718
681	4.4	6.07883	8.67358
682	4.405	6.03562	8.61044
683	4.41	5.99272	8.54776
684	4.415	5.95014	8.48553
685	4.42	5.90787	8.42376
686	4.425	5.8659	8.36244
687	4.43	5.82424	8.30156
688	4.435	5.78288	8.24113
689	4.44	5.74183	8.18114
690	4.445	5.70107	8.12158
691	4.45	5.66061	8.06246
692	4.455	5.62045	8.00377
693	4.46	5.58058	7.9455
694	4.465	5.54099	7.88766
695	4.47	5.5017	7.83024
696	4.475	5.46269	7.77324
697	4.48	5.42397	7.71665
698	4.485	5.38552	7.66048
699	4.49	5.34736	7.60471
700	4.495	5.30948	7.54935
701	4.5	5.27187	7.4944
702	4.505	5.23453	7.43984
703	4.51	5.19747	7.38568
704	4.515	5.16068	7.33191
705	4.52	5.12415	7.27854
706	4.525	5.08789	7.22555
707	4.53	5.0519	7.17295
708	4.535	5.01616	7.12074
709	4.54	4.98069	7.0689
710	4.545	4.94547	7.01744
711	4.55	4.91051	6.96636
712	4.555	4.87581	6.91564
713	4.56	4.84136	6.8653
714	4.565	4.80716	6.81532
715	4.57	4.7732	6.76571
716	4.575	4.7395	6.71646
717	4.58	4.70604	6.66756
718	4.585	4.67282	6.61903
719	4.59	4.63985	6.57084
720	4.595	4.60712	6.52301
721	4.6	4.57462	6.47552
722	4.605	4.54236	6.42838
723	4.61	4.51034	6.38159
724	4.615	4.47854	6.33513
725	4.62	4.44698	6.28901
726	4.625	4.41565	6.24323
727	4.63	4.38455	6.19778
728	4.635	4.35368	6.15266
729	4.64	4.32303	6.10787
730	4.645	4.2926	6.06341
731	4.65	4.26239	6.01927
732	4.655	4.2324	5.97545
733	4.66	4.20264	5.93195
734	4.665	4.17309	5.88877
735	4.67	4.14375	5.8459
736	4.675	4.11463	5.80335
737	4.68	4.08572	5.7611
738	4.685	4.05702	5.71916
739	4.69	4.02852	5.67753
740	4.695	4.00024	5.6362
741	4.7	3.97216	5.59517
742	4.705	3.94429	5.55444
743	4.71	3.91662	5.514
744	4.715	3.88915	5.47386
745	4.72	3.86188	5.43401
746	4.725	3.83481	5.39445
747	4.73	3.80793	5.35518
748	4.735	3.78126	5.3162
749	4.74	3.75477	5.2775
750	4.745	3.72848	5.23908
751	4.75	3.70238	5.20094
752	4.755	3.67647	5.16308
753	4.76	3.65075	5.1255
754	4.765	3.62522	5.08818
755	4.77	3.59987	5.05114
756	4.775	3.57471	5.01437
757	4.78	3.54973	4.97787
758	4.785	3.52493	4.94163
759	4.79	3.50031	4.90566
760	4.795	3.47587	4.86995
761	4.8	3.45161	4.8345
762	4.805	3.42753	4.7993
763	4.81	3.40362	4.76436
764	4.815	3.37988	4.72968
765	4.82	3.35632	4.69525
766	4.825	3.33293	4.66107
767	4.83	3.30971	4.62714
768	4.835	3.28666	4.59346
769	4.84	3.26377	4.56002
770	4.845	3.24106	4.52682
771	4.85	3.21851	4.49387
772	4.855	3.19612	4.46115
773	4.86	3.17389	4.42868
774	4.865	3.15183	4.39644
775	4.87	3.12993	4.36443
776	4.875	3.10819	4.33266
777	4.88	3.0866	4.30112
778	4.885	3.06518	4.26981
779	4.89	3.04391	4.23873
780	4.895	3.02279	4.20787
781	4.9	3.00183	4.17724
782	4.905	2.98102	4.14683
783	4.91	2.96036	4.11664
784	4.915	2.93985	4.08668
785	4.92	2.91949	4.05693
786	4.925	2.89928	4.02739
787	4.93	2.87922	3.99807
788	4.935	2.8593	3.96897
789	4.94	2.83953	3.94008
790	4.945	2.8199	3.91139
791	4.95	2.80041	3.88292
792	4.955	2.78107	3.85465
793	4.96	2.76187	3.82659
794	4.965	2.7428	3.79874
795	4.97	2.72388	3.77108
796	4.975	2.70509	3.74363
797	4.98	2.68644	3.71638
798	4.985	2.66793	3.68932
799	4.99	2.64955	3.66247
800	4.995	2.63131	3.63581
801	5	2.61319	3.60934
802	5.005	2.59521	3.58306
803	5.01	2.57736	3.55698
804	5.015	2.55964	3.53109
805	5.02	2.54205	3.50538
806	5.025	2.52459	3.47986
807	5.03	2.50725	3.45453
808	5.035	2.49004	3.42938
809	5.04	2.47296	3.40442
810	5.045	2.456	3.37963
811	5.05	2.43916	3.35503
812	5.055	2.42245	3.33061
813	5.06	2.40586	3.30636
814	5.065	2.38938	3.28229
815	5.07	2.37303	3.2584
816	5.075	2.3568	3.23468
817	5.08	2.34069	3.21113
818	5.085	2.32469	3.18776
819	5.09	2.30881	3.16455
820	5.095	2.29304	3.14151
821	5.1	2.27739	3.11864
822	5.105	2.26186	3.09594
823	5.11	2.24643	3.0734
824	5.115	2.23112	3.05103
825	5.12	2.21592	3.02882
826	5.125	2.20084	3.00677
827	5.13	2.18586	2.98488
828	5.135	2.17099	2.96315
829	5.14	2.15622	2.94158
830	5.145	2.14157	2.92017
831	5.15	2.12702	2.89891
832	5.155	2.11258	2.8778
833	5.16	2.09825	2.85683
834	5.165	2.08401	2.836
835	5.17	2.06989	2.81531
836	5.175	2.05586	2.79475
837	5.18	2.04194	2.77433
838	5.185	2.02812	2.75405
839	5.19	2.0144	2.73391
840	5.195	2.00078	2.71392
841	5.2	1.98726	2.69408
842	5.205	1.97384	2.6744
843	5.21	1.96051	2.65487
844	5.215	1.94729	2.6355
845	5.22	1.93416	2.61629
846	5.225	1.92113	2.59725
847	5.23	1.90819	2.57836
848	5.235	1.89534	2.55964
849	5.24	1.88259	2.54108
850	5.245	1.86993	2.52268
851	5.25	1.85736	2.50444
852	5.255	1.84489	2.48635
853	5.26	1.8325	2.46842
854	5.265	1.8202	2.45063
855	5.27	1.80799	2.43299
856	5.275	1.79587	2.41549
857	5.28	1.78384	2.39813
858	5.285	1.77189	2.3809
859	5.29	1.76003	2.3638
860	5.295	1.74825	2.34682
861	5.3	1.73656	2.32997
862	5.305	1.72495	2.31323
863	5.31	1.71343	2.2966
864	5.315	1.70199	2.28009
865	5.32	1.69063	2.26368
866	5.325	1.67935	2.24737
867	5.33	1.66815	2.23116
868	5.335	1.65704	2.21505
869	5.34	1.646	2.19903
870	5.345	1.63505	2.1831
871	5.35	1.62417	2.16726
872	5.355	1.61338	2.15152
873	5.36	1.60266	2.13586
874	5.365	1.59202	2.12028
875	5.37	1.58146	2.10479
876	5.375	1.57097	2.08939
877	5.38	1.56056	2.07407
878	5.385	1.55023	2.05884
879	5.39	1.53997	2.04369
880	5.395	1.52979	2.02863
881	5.4	1.51969	2.01365
882	5.405	1.50966	1.99877
883	5.41	1.4997	1.98397
884	5.415	1.48982	1.96926
885	5.42	1.48001	1.95463
886	5.425	1.47027	1.94011
887	5.43	1.46061	1.92567
888	5.435	1.45101	1.91133
889	5.44	1.44149	1.89708
890	5.445	1.43204	1.88294
891	5.45	1.42266	1.86889
892	5.455	1.41335	1.85493
893	5.46	1.40411	1.84109
894	5.465	1.39494	1.82734
895	5.47	1.38584	1.8137
896	5.475	1.37681	1.80016
897	5.48	1.36784	1.78672
898	5.485	1.35894	1.7734
899	5.49	1.3501	1.76018
900	5.495	1.34134	1.74707
901	5.5	1.33263	1.73406
902	5.505	1.324	1.72117
903	5.51	1.31542	1.70838
904	5.515	1.30691	1.6957
905	5.52	1.29846	1.68313
906	5.525	1.29008	1.67067
907	5.53	1.28176	1.6583
908	5.535	1.2735	1.64605
909	5.54	1.2653	1.6339
910	5.545	1.25716	1.62185
911	5.55	1.24908	1.6099
912	5.555	1.24106	1.59806
913	5.56	1.2331	1.58632
914	5.565	1.2252	1.57468
915	5.57	1.21735	1.56314
916	5.575	1.20956	1.55171
917	5.58	1.20183	1.54038
918	5.585	1.19416	1.52914
919	5.59	1.18654	1.51801
920	5.595	1.17898	1.50698
921	5.6	1.17147	1.49606
922	5.605	1.16402	1.48523
923	5.61	1.15662	1.4745
924	5.615	1.14928	1.46387
925	5.62	1.14198	1.45335
926	5.625	1.13474	1.44292
927	5.63	1.12755	1.4326
928	5.635	1.12042	1.42237
929	5.64	1.11333	1.41225
930	5.645	1.10629	1.40223
931	5.65	1.09931	1.3923
932	5.655	1.09237	1.38247
933	5.66	1.08548	1.37275
934	5.665	1.07864	1.36312
935	5.67	1.07185	1.35358
936	5.675	1.06511	1.34414
937	5.68	1.05841	1.3348
938	5.685	1.05176	1.32555
939	5.69	1.04515	1.31639
940	5.695	1.0386	1.30732
941	5.7	1.03208	1.29834
942	5.705	1.02561	1.28944
943	5.71	1.01919	1.28063
944	5.715	1.01281	1.27189
945	5.72	1.00647	1.26324
946	5.725	1.00017	1.25466
947	5.73	0.99392	1.24615
948	5.735	0.98771	1.2377
949	5.74	0.98154	1.22932
950	5.745	0.97542	1.221
951	5.75	0.96933	1.21274
952	5.755	0.96329	1.20452
953	5.76	0.95729	1.19635
954	5.765	0.95133	1.18822
955	5.77	0.94541	1.18013
956	5.775	0.93953	1.17207
957	5.78	0.93369	1.16403
958	5.785	0.92789	1.15602
959	5.79	0.92213	1.14803
960	5.795	0.91641	1.14005
961	5.8	0.91073	1.13208
962	5.805	0.90509	1.12411
963	5.81	0.89948	1.11615
964	5.815	0.89392	1.1082
965	5.82	0.8884	1.10024
966	5.825	0.88292	1.09229
967	5.83	0.87748	1.08434
968	5.835	0.87208	1.0764
969	5.84	0.86672	1.06847
970	5.845	0.86139	1.06056
971	5.85	0.85611	1.05268
972	5.855	0.85087	1.04483
973	5.86	0.84566	1.03702
974	5.865	0.8405	1.02923
975	5.87	0.83537	1.02148
976	5.875	0.83028	1.01377
977	5.88	0.82523	1.00608
978	5.885	0.82022	0.99843
979	5.89	0.81525	0.99082
980	5.895	0.81031	0.98323
981	5.9	0.80541	0.97568
982	5.905	0.80056	0.96817
983	5.91	0.79573	0.96068
984	5.915	0.79095	0.95323
985	5.92	0.7862	0.94581
986	5.925	0.78149	0.93843
987	5.93	0.77682	0.93108
988	5.935	0.77218	0.92376
989	5.94	0.76758	0.91647
990	5.945	0.76301	0.90922
991	5.95	0.75849	0.902
992	5.955	0.75399	0.89481
993	5.96	0.74954	0.88766
994	5.965	0.74512	0.88054
995	5.97	0.74073	0.87346
996	5.975	0.73638	0.8664
997	5.98	0.73207	0.85938
998	5.985	0.72779	0.8524
999	5.99	0.72355	0.84545
1000	5.995	0.71934	0.83853
1001	6	0.71516	0.83198
1002	6.005	0.71102	0.82514
1003	6.01	0.70691	0.818
1004	6.015	0.70284	0.81122
1005	6.02	0.6988	0.80446
1006	6.025	0.69479	0.79774
1007	6.03	0.69082	0.79106
1008	6.035	0.68688	0.7844
1009	6.04	0.68297	0.77779
1010	6.045	0.6791	0.7712
1011	6.05	0.67526	0.76465
1012	6.055	0.67146	0.75813
1013	6.06	0.66768	0.75165
1014	6.065	0.66394	0.7452
1015	6.07	0.66023	0.73878
1016	6.075	0.65655	0.7324
1017	6.08	0.65291	0.72605
1018	6.085	0.64929	0.71973
1019	6.09	0.64571	0.71345
1020	6.095	0.64216	0.7072
1021	6.1	0.63864	0.70099
1022	6.105	0.63515	0.69481
1023	6.11	0.63169	0.68866
1024	6.115	0.62826	0.68255
1025	6.12	0.62486	0.67648
1026	6.125	0.6215	0.67043
1027	6.13	0.61816	0.66442
1028	6.135	0.61485	0.65845
1029	6.14	0.61157	0.65251
1030	6.145	0.60833	0.64661
1031	6.15	0.60511	0.64073
1032	6.155	0.60192	0.6349
1033	6.16	0.59876	0.6291
1034	6.165	0.59563	0.62333
1035	6.17	0.59253	0.6176
1036	6.175	0.58945	0.6119
1037	6.18	0.58641	0.60624
1038	6.185	0.58339	0.60061
1039	6.19	0.5804	0.59502
1040	6.195	0.57744	0.58946
1041	6.2	0.57451	0.58394
1042	6.205	0.5716	0.57845
1043	6.21	0.56872	0.573
1044	6.215	0.56587	0.56758
1045	6.22	0.56305	0.5622
1046	6.225	0.56025	0.55685
1047	6.23	0.55748	0.55154
1048	6.235	0.55473	0.54627
1049	6.24	0.55201	0.54103
1050	6.245	0.54932	0.53583
1051	6.25	0.54666	0.53066
1052	6.255	0.54402	0.52553
1053	6.26	0.5414	0.52043
1054	6.265	0.53881	0.51537
1055	6.27	0.53625	0.51035
1056	6.275	0.53371	0.50536
1057	6.28	0.53119	0.50041
1058	6.285	0.5287	0.4955
1059	6.29	0.52624	0.49062
1060	6.295	0.5238	0.48577
1061	6.3	0.52138	0.48097
1062	6.305	0.51899	0.4762
1063	6.31	0.51662	0.47146
1064	6.315	0.51427	0.46676
1065	6.32	0.51195	0.4621
1066	6.325	0.50965	0.45748
1067	6.33	0.50738	0.45289
1068	6.335	0.50512	0.44834
1069	6.34	0.50289	0.44382
1070	6.345	0.50069	0.43933
1071	6.35	0.4985	0.43489
1072	6.355	0.49634	0.43048
1073	6.36	0.49419	0.4261
1074	6.365	0.49208	0.42175
1075	6.37	0.48998	0.41744
1076	6.375	0.4879	0.41317
1077	6.38	0.48585	0.40892
1078	6.385	0.48381	0.40471
1079	6.39	0.4818	0.40053
1080	6.395	0.47981	0.39637
1081	6.4	0.47783	0.39225
1082	6.405	0.47588	0.38815
1083	6.41	0.47395	0.38407
1084	6.415	0.47204	0.38002
1085	6.42	0.47015	0.37599
1086	6.425	0.46828	0.37198
1087	6.43	0.46643	0.368
1088	6.435	0.4646	0.36403
1089	6.44	0.46279	0.36007
1090	6.445	0.461	0.35614
1091	6.45	0.45923	0.35222
1092	6.455	0.45748	0.34832
1093	6.46	0.45575	0.34444
1094	6.465	0.45404	0.34058
1095	6.47	0.45234	0.33674
1096	6.475	0.45067	0.33292
1097	6.48	0.44901	0.32912
1098	6.485	0.44738	0.32535
1099	6.49	0.44576	0.3216
1100	6.495	0.44416	0.31787
1101	6.5	0.44258	0.31417
1102	6.505	0.44102	0.3105
1103	6.51	0.43948	0.30685
1104	6.515	0.43795	0.30323
1105	6.52	0.43644	0.29963
1106	6.525	0.43495	0.29606
1107	6.53	0.43348	0.29252
1108	6.535	0.43203	0.289
1109	6.54	0.43059	0.28551
1110	6.545	0.42917	0.28205
1111	6.55	0.42777	0.27861
1112	6.555	0.42639	0.2752
1113	6.56	0.42502	0.27182
1114	6.565	0.42367	0.26846
1115	6.57	0.42234	0.26513
1116	6.575	0.42102	0.26182
1117	6.58	0.41972	0.25854
1118	6.585	0.41843	0.25529
1119	6.59	0.41717	0.25207
1120	6.595	0.41591	0.24887
1121	6.6	0.41468	0.2457
1122	6.605	0.41346	0.24256
1123	6.61	0.41225	0.23944
1124	6.615	0.41106	0.23636
1125	6.62	0.40989	0.2333
1126	6.625	0.40873	0.23026
1127	6.63	0.40758	0.22726
1128	6.635	0.40646	0.22428
1129	6.64	0.40534	0.22133
1130	6.645	0.40424	0.21841
1131	6.65	0.40316	0.21552
1132	6.655	0.40209	0.21265
1133	6.66	0.40103	0.20981
1134	6.665	0.39999	0.207
1135	6.67	0.39896	0.20421
1136	6.675	0.39795	0.20146
1137	6.68	0.39695	0.19873
1138	6.685	0.39596	0.19602
1139	6.69	0.39499	0.19335
1140	6.695	0.39403	0.1907
1141	6.7	0.39308	0.18808
1142	6.705	0.39215	0.18549
1143	6.71	0.39122	0.18292
1144	6.715	0.39032	0.18039
1145	6.72	0.38942	0.17788
1146	6.725	0.38854	0.1754
1147	6.73	0.38767	0.17295
1148	6.735	0.38681	0.17053
1149	6.74	0.38596	0.16813
1150	6.745	0.38513	0.16577
1151	6.75	0.3843	0.16343
1152	6.755	0.38349	0.16112
1153	6.76	0.38269	0.15885
1154	6.765	0.3819	0.1566
1155	6.77	0.38113	0.15438
1156	6.775	0.38036	0.15219
1157	6.78	0.3796	0.15003
1158	6.785	0.37886	0.1479
1159	6.79	0.37813	0.1458
1160	6.795	0.3774	0.14373
1161	6.8	0.37669	0.14169
1162	6.805	0.37598	0.13968
1163	6.81	0.37529	0.1377
1164	6.815	0.37461	0.13575
1165	6.82	0.37393	0.13383
1166	6.825	0.37327	0.13194
1167	6.83	0.37261	0.13008
1168	6.835	0.37197	0.12825
1169	6.84	0.37133	0.12645
1170	6.845	0.3707	0.12468
1171	6.85	0.37009	0.12293
1172	6.855	0.36947	0.12122
1173	6.86	0.36887	0.11953
1174	6.865	0.36828	0.11787
1175	6.87	0.36769	0.11624
1176	6.875	0.36712	0.11464
1177	6.88	0.36655	0.11306
1178	6.885	0.36599	0.11151
1179	6.89	0.36543	0.10999
1180	6.895	0.36489	0.1085
1181	6.9	0.36435	0.10703
1182	6.905	0.36382	0.10559
1183	6.91	0.36329	0.10417
1184	6.915	0.36277	0.10279
1185	6.92	0.36226	0.10142
1186	6.925	0.36176	0.10009
1187	6.93	0.36126	0.09878
1188	6.935	0.36077	0.09749
1189	6.94	0.36029	0.09623
1190	6.945	0.35981	0.095
1191	6.95	0.35934	0.09379
1192	6.955	0.35887	0.09261
1193	6.96	0.35841	0.09145
1194	6.965	0.35796	0.09032
1195	6.97	0.35751	0.08921
1196	6.975	0.35707	0.08813
1197	6.98	0.35663	0.08707
1198	6.985	0.35619	0.08604
1199	6.99	0.35577	0.08503
1200	6.995	0.35534	0.08405
1201	7	0.35493	0.08309
1202	7.005	0.35451	0.08215
1203	7.01	0.35411	0.08124
1204	7.015	0.3537	0.08035
1205	7.02	0.3533	0.07948
1206	7.025	0.35291	0.07864
1207	7.03	0.35252	0.07782
1208	7.035	0.35213	0.07702
1209	7.04	0.35175	0.07625
1210	7.045	0.35137	0.0755
1211	7.05	0.35099	0.07477
1212	7.055	0.35062	0.07406
1213	7.06	0.35025	0.07337
1214	7.065	0.34988	0.07271
1215	7.07	0.34952	0.07206
1216	7.075	0.34916	0.07144
1217	7.08	0.34881	0.07084
1218	7.085	0.34846	0.07025
1219	7.09	0.34811	0.06969
1220	7.095	0.34776	0.06915
1221	7.1	0.34741	0.06862
1222	7.105	0.34707	0.06812
1223	7.11	0.34673	0.06763
1224	7.115	0.3464	0.06716
1225	7.12	0.34606	0.06672
1226	7.125	0.34573	0.06629
1227	7.13	0.3454	0.06587
1228	7.135	0.34507	0.06548
1229	7.14	0.34474	0.0651
1230	7.145	0.34442	0.06475
1231	7.15	0.3441	0.06441
1232	7.155	0.34378	0.06409
1233	7.16	0.34346	0.06378
1234	7.165	0.34314	0.06349
1235	7.17	0.34282	0.06322
1236	7.175	0.34251	0.06297
1237	7.18	0.34219	0.06274
1238	7.185	0.34188	0.06252
1239	7.19	0.34157	0.06231
1240	7.195	0.34125	0.06212
1241	7.2	0.34094	0.06195
1242	7.205	0.34064	0.0618
1243	7.21	0.34033	0.06166
1244	7.215	0.34002	0.06153
1245	7.22	0.33971	0.06142
1246	7.225	0.3394	0.06133
1247	7.23	0.3391	0.06125
1248	7.235	0.33879	0.06118
1249	7.24	0.33849	0.06113
1250	7.245	0.33818	0.06109
1251	7.25	0.33788	0.06107
1252	7.255	0.33757	0.06106
1253	7.26	0.33726	0.06107
1254	7.265	0.33696	0.06108
1255	7.27	0.33665	0.06112
1256	7.275	0.33635	0.06116
1257	7.28	0.33604	0.06122
1258	7.285	0.33574	0.06129
1259	7.29	0.33543	0.06138
1260	7.295	0.33512	0.06148
1261	7.3	0.33481	0.06159
1262	7.305	0.33451	0.06171
1263	7.31	0.3342	0.06185
1264	7.315	0.33389	0.062
1265	7.32	0.33358	0.06216
1266	7.325	0.33327	0.06233
1267	7.33	0.33295	0.06251
1268	7.335	0.33264	0.0627
1269	7.34	0.33233	0.06291
1270	7.345	0.33201	0.06313
1271	7.35	0.3317	0.06335
1272	7.355	0.33138	0.06359
1273	7.36	0.33106	0.06384
1274	7.365	0.33074	0.0641
1275	7.37	0.33042	0.06436
1276	7.375	0.3301	0.06464
1277	7.38	0.32977	0.06493
1278	7.385	0.32945	0.06523
1279	7.39	0.32912	0.06553
1280	7.395	0.32879	0.06584
1281	7.4	0.32846	0.06617
1282	7.405	0.32813	0.0665
1283	7.41	0.3278	0.06683
1284	7.415	0.32746	0.06718
1285	7.42	0.32712	0.06753
1286	7.425	0.32679	0.06789
1287	7.43	0.32645	0.06826
1288	7.435	0.3261	0.06863
1289	7.44	0.32576	0.069
1290	7.445	0.32541	0.06939
1291	7.45	0.32507	0.06977
1292	7.455	0.32472	0.07017
1293	7.46	0.32436	0.07056
1294	7.465	0.32401	0.07096
1295	7.47	0.32365	0.07137
1296	7.475	0.3233	0.07178
1297	7.48	0.32294	0.07219
1298	7.485	0.32257	0.07261
1299	7.49	0.32221	0.07303
1300	7.495	0.32184	0.07346
1301	7.5	0.32148	0.07388
1302	7.505	0.32111	0.07431
1303	7.51	0.32073	0.07475
1304	7.515	0.32036	0.07518
1305	7.52	0.31998	0.07562
1306	7.525	0.3196	0.07606
1307	7.53	0.31922	0.0765
1308	7.535	0.31884	0.07695
1309	7.54	0.31845	0.07739
1310	7.545	0.31806	0.07784
1311	7.55	0.31767	0.07829
1312	7.555	0.31728	0.07873
1313	7.56	0.31689	0.07918
1314	7.565	0.31649	0.07963
1315	7.57	0.31609	0.08008
1316	7.575	0.31569	0.08053
1317	7.58	0.31528	0.08098
1318	7.585	0.31488	0.08142
1319	7.59	0.31447	0.08187
1320	7.595	0.31406	0.08231
1321	7.6	0.31365	0.08275
1322	7.605	0.31323	0.08319
1323	7.61	0.31281	0.08363
1324	7.615	0.3124	0.08407
1325	7.62	0.31197	0.0845
1326	7.625	0.31155	0.08493
1327	7.63	0.31112	0.08536
1328	7.635	0.3107	0.08578
1329	7.64	0.31027	0.0862
1330	7.645	0.30983	0.08661
1331	7.65	0.3094	0.08702
1332	7.655	0.30896	0.08743
1333	7.66	0.30853	0.08783
1334	7.665	0.30809	0.08822
1335	7.67	0.30764	0.08861
1336	7.675	0.3072	0.089
1337	7.68	0.30675	0.08938
1338	7.685	0.30631	0.08975
1339	7.69	0.30586	0.09012
1340	7.695	0.3054	0.09048
1341	7.7	0.30495	0.09084
1342	7.705	0.3045	0.09119
1343	7.71	0.30404	0.09153
1344	7.715	0.30358	0.09187
1345	7.72	0.30312	0.0922
1346	7.725	0.30266	0.09253
1347	7.73	0.3022	0.09285
1348	7.735	0.30173	0.09316
1349	7.74	0.30126	0.09346
1350	7.745	0.3008	0.09376
1351	7.75	0.30033	0.09405
1352	7.755	0.29986	0.09433
1353	7.76	0.29938	0.09461
1354	7.765	0.29891	0.09488
1355	7.77	0.29843	0.09514
1356	7.775	0.29796	0.09539
1357	7.78	0.29748	0.09564
1358	7.785	0.297	0.09588
1359	7.79	0.29652	0.09611
1360	7.795	0.29604	0.09633
1361	7.8	0.29556	0.09654
1362	7.805	0.29508	0.09675
1363	7.81	0.29459	0.09694
1364	7.815	0.29411	0.09713
1365	7.82	0.29362	0.09731
1366	7.825	0.29313	0.09748
1367	7.83	0.29264	0.09764
1368	7.835	0.29216	0.09779
1369	7.84	0.29167	0.09793
1370	7.845	0.29118	0.09806
1371	7.85	0.29069	0.09818
1372	7.855	0.2902	0.09829
1373	7.86	0.2897	0.09839
1374	7.865	0.28921	0.09849
1375	7.87	0.28872	0.09857
1376	7.875	0.28823	0.09864
1377	7.88	0.28773	0.0987
1378	7.885	0.28724	0.09875
1379	7.89	0.28674	0.0988
1380	7.895	0.28625	0.09883
1381	7.9	0.28576	0.09885
1382	7.905	0.28526	0.09887
1383	7.91	0.28477	0.09887
1384	7.915	0.28427	0.09887
1385	7.92	0.28378	0.09885
1386	7.925	0.28328	0.09883
1387	7.93	0.28279	0.09879
1388	7.935	0.2823	0.09875
1389	7.94	0.2818	0.0987
1390	7.945	0.28131	0.09864
1391	7.95	0.28082	0.09857
1392	7.955	0.28032	0.0985
1393	7.96	0.27983	0.09841
1394	7.965	0.27934	0.09832
1395	7.97	0.27885	0.09822
1396	7.975	0.27836	0.09811
1397	7.98	0.27787	0.09799
1398	7.985	0.27738	0.09786
1399	7.99	0.27689	0.09773
1400	7.995	0.2764	0.09758
1401	8	0.27591	0.09743
1402	8.005	0.27543	0.09727
1403	8.01	0.27494	0.09711
1404	8.015	0.27446	0.09693
1405	8.02	0.27397	0.09675
1406	8.025	0.27349	0.09656
1407	8.03	0.27301	0.09636
1408	8.035	0.27252	0.09615
1409	8.04	0.27204	0.09594
1410	8.045	0.27156	0.09572
1411	8.05	0.27109	0.09549
1412	8.055	0.27061	0.09525
1413	8.06	0.27013	0.09501
1414	8.065	0.26966	0.09475
1415	8.07	0.26919	0.0945
1416	8.075	0.26871	0.09423
1417	8.08	0.26824	0.09395
1418	8.085	0.26778	0.09367
1419	8.09	0.26731	0.09338
1420	8.095	0.26684	0.09309
1421	8.1	0.26638	0.09278
1422	8.105	0.26591	0.09247
1423	8.11	0.26545	0.09216
1424	8.115	0.26499	0.09183
1425	8.12	0.26453	0.09151
1426	8.125	0.26408	0.09117
1427	8.13	0.26362	0.09083
1428	8.135	0.26317	0.09048
1429	8.14	0.26272	0.09013
1430	8.145	0.26227	0.08977
1431	8.15	0.26182	0.08941
1432	8.155	0.26137	0.08904
1433	8.16	0.26093	0.08867
1434	8.165	0.26049	0.08829
1435	8.17	0.26005	0.0879
1436	8.175	0.25961	0.08752
1437	8.18	0.25917	0.08713
1438	8.185	0.25874	0.08673
1439	8.19	0.2583	0.08633
1440	8.195	0.25787	0.08593
1441	8.2	0.25744	0.08552
1442	8.205	0.25702	0.08511
1443	8.21	0.25659	0.0847
1444	8.215	0.25617	0.08429
1445	8.22	0.25575	0.08387
1446	8.225	0.25533	0.08345
1447	8.23	0.25492	0.08303
1448	8.235	0.2545	0.08261
1449	8.24	0.25409	0.08219
1450	8.245	0.25368	0.08176
1451	8.25	0.25327	0.08134
1452	8.255	0.25287	0.08091
1453	8.26	0.25246	0.08049
1454	8.265	0.25206	0.08006
1455	8.27	0.25166	0.07964
1456	8.275	0.25127	0.07921
1457	8.28	0.25087	0.07879
1458	8.285	0.25048	0.07836
1459	8.29	0.25009	0.07794
1460	8.295	0.2497	0.07752
1461	8.3	0.24931	0.07709
1462	8.305	0.24893	0.07667
1463	8.31	0.24854	0.07625
1464	8.315	0.24816	0.07583
1465	8.32	0.24779	0.07541
1466	8.325	0.24741	0.075
1467	8.33	0.24704	0.07458
1468	8.335	0.24666	0.07417
1469	8.34	0.24629	0.07375
1470	8.345	0.24593	0.07334
1471	8.35	0.24556	0.07293
1472	8.355	0.2452	0.07251
1473	8.36	0.24484	0.0721
1474	8.365	0.24448	0.0717
1475	8.37	0.24412	0.07129
1476	8.375	0.24376	0.07088
1477	8.38	0.24341	0.07048
1478	8.385	0.24306	0.07007
1479	8.39	0.24271	0.06967
1480	8.395	0.24236	0.06927
1481	8.4	0.24202	0.06886
1482	8.405	0.24167	0.06846
1483	8.41	0.24133	0.06807
1484	8.415	0.24099	0.06767
1485	8.42	0.24066	0.06728
1486	8.425	0.24032	0.06688
1487	8.43	0.23999	0.06649
1488	8.435	0.23966	0.0661
1489	8.44	0.23933	0.06571
1490	8.445	0.239	0.06532
1491	8.45	0.23867	0.06494
1492	8.455	0.23835	0.06456
1493	8.46	0.23803	0.06418
1494	8.465	0.23771	0.0638
1495	8.47	0.23739	0.06342
1496	8.475	0.23707	0.06305
1497	8.48	0.23676	0.06267
1498	8.485	0.23645	0.0623
1499	8.49	0.23614	0.06193
1500	8.495	0.23583	0.06157
1501	8.5	0.23552	0.0612
1502	8.505	0.23521	0.06084
1503	8.51	0.23491	0.06048
1504	8.515	0.23461	0.06013
1505	8.52	0.23431	0.05977
1506	8.525	0.23401	0.05942
1507	8.53	0.23372	0.05907
1508	8.535	0.23342	0.05873
1509	8.54	0.23313	0.05838
1510	8.545	0.23284	0.05804
1511	8.55	0.23255	0.05771
1512	8.555	0.23226	0.05737
1513	8.56	0.23197	0.05704
1514	8.565	0.23169	0.05672
1515	8.57	0.23141	0.0564
1516	8.575	0.23113	0.05608
1517	8.58	0.23085	0.05576
1518	8.585	0.23057	0.05545
1519	8.59	0.23029	0.05514
1520	8.595	0.23002	0.05484
1521	8.6	0.22974	0.05454
1522	8.605	0.22947	0.05424
1523	8.61	0.2292	0.05395
1524	8.615	0.22893	0.05366
1525	8.62	0.22866	0.05338
1526	8.625	0.2284	0.0531
1527	8.63	0.22813	0.05283
1528	8.635	0.22787	0.05256
1529	8.64	0.22761	0.0523
1530	8.645	0.22735	0.05204
1531	8.65	0.22709	0.05179
1532	8.655	0.22683	0.05154
1533	8.66	0.22657	0.05129
1534	8.665	0.22632	0.05105
1535	8.67	0.22606	0.05081
1536	8.675	0.22581	0.05058
1537	8.68	0.22556	0.05035
1538	8.685	0.2253	0.05013
1539	8.69	0.22505	0.04991
1540	8.695	0.22481	0.04969
1541	8.7	0.22456	0.04948
1542	8.705	0.22431	0.04927
1543	8.71	0.22407	0.04906
1544	8.715	0.22382	0.04886
1545	8.72	0.22358	0.04866
1546	8.725	0.22333	0.04847
1547	8.73	0.22309	0.04827
1548	8.735	0.22285	0.04808
1549	8.74	0.22261	0.0479
1550	8.745	0.22237	0.04772
1551	8.75	0.22213	0.04754
1552	8.755	0.2219	0.04736
1553	8.76	0.22166	0.04719
1554	8.765	0.22142	0.04701
1555	8.77	0.22119	0.04685
1556	8.775	0.22096	0.04668
1557	8.78	0.22072	0.04652
1558	8.785	0.22049	0.04637
1559	8.79	0.22026	0.04621
1560	8.795	0.22003	0.04606
1561	8.8	0.2198	0.04591
1562	8.805	0.21957	0.04577
1563	8.81	0.21934	0.04563
1564	8.815	0.21911	0.04549
1565	8.82	0.21889	0.04535
1566	8.825	0.21866	0.04522
1567	8.83	0.21843	0.04509
1568	8.835	0.21821	0.04496
1569	8.84	0.21798	0.04484
1570	8.845	0.21776	0.04472
1571	8.85	0.21754	0.0446
1572	8.855	0.21731	0.04448
1573	8.86	0.21709	0.04437
1574	8.865	0.21687	0.04426
1575	8.87	0.21665	0.04416
1576	8.875	0.21643	0.04405
1577	8.88	0.21621	0.04395
1578	8.885	0.21599	0.04386
1579	8.89	0.21577	0.04376
1580	8.895	0.21555	0.04367
1581	8.9	0.21533	0.04358
1582	8.905	0.21512	0.0435
1583	8.91	0.2149	0.04341
1584	8.915	0.21468	0.04334
1585	8.92	0.21447	0.04326
1586	8.925	0.21425	0.04319
1587	8.93	0.21403	0.04312
1588	8.935	0.21382	0.04306
1589	8.94	0.2136	0.04299
1590	8.945	0.21339	0.04294
1591	8.95	0.21317	0.04288
1592	8.955	0.21296	0.04283
1593	8.96	0.21275	0.04278
1594	8.965	0.21253	0.04274
1595	8.97	0.21232	0.0427
1596	8.975	0.21211	0.04266
1597	8.98	0.21189	0.04263
1598	8.985	0.21168	0.0426
1599	8.99	0.21147	0.04257
1600	8.995	0.21125	0.04255
1601	9	0.21104	0.04253
1602	9.005	0.21083	0.04252
1603	9.01	0.21062	0.04251
1604	9.015	0.2104	0.0425
1605	9.02	0.21019	0.0425
1606	9.025	0.20998	0.04251
1607	9.03	0.20977	0.04251
1608	9.035	0.20955	0.04252
1609	9.04	0.20934	0.04254
1610	9.045	0.20913	0.04256
1611	9.05	0.20891	0.04258
1612	9.055	0.2087	0.04261
1613	9.06	0.20849	0.04265
1614	9.065	0.20827	0.04268
1615	9.07	0.20806	0.04273
1616	9.075	0.20785	0.04277
1617	9.08	0.20763	0.04283
1618	9.085	0.20742	0.04289
1619	9.09	0.2072	0.04295
1620	9.095	0.20699	0.04302
1621	9.1	0.20677	0.04309
1622	9.105	0.20656	0.04317
1623	9.11	0.20634	0.04326
1624	9.115	0.20613	0.04335
1625	9.12	0.20591	0.04345
1626	9.125	0.20569	0.04355
1627	9.13	0.20547	0.04366
1628	9.135	0.20526	0.04377
1629	9.14	0.20504	0.0439
1630	9.145	0.20482	0.04402
1631	9.15	0.2046	0.04416
1632	9.155	0.20437	0.0443
1633	9.16	0.20415	0.04444
1634	9.165	0.20393	0.0446
1635	9.17	0.20371	0.04475
1636	9.175	0.20348	0.04492
1637	9.18	0.20326	0.04509
1638	9.185	0.20303	0.04527
1639	9.19	0.20281	0.04545
1640	9.195	0.20258	0.04564
1641	9.2	0.20235	0.04584
1642	9.205	0.20212	0.04604
1643	9.21	0.20189	0.04625
1644	9.215	0.20166	0.04646
1645	9.22	0.20142	0.04668
1646	9.225	0.20119	0.04691
1647	9.23	0.20095	0.04714
1648	9.235	0.20072	0.04738
1649	9.24	0.20048	0.04762
1650	9.245	0.20024	0.04787
1651	9.25	0.2	0.04813
1652	9.255	0.19976	0.04839
1653	9.26	0.19952	0.04866
1654	9.265	0.19927	0.04893
1655	9.27	0.19903	0.04922
1656	9.275	0.19878	0.0495
1657	9.28	0.19853	0.0498
1658	9.285	0.19828	0.0501
1659	9.29	0.19803	0.0504
1660	9.295	0.19778	0.05071
1661	9.3	0.19753	0.05103
1662	9.305	0.19727	0.05135
1663	9.31	0.19701	0.05168
1664	9.315	0.19675	0.05202
1665	9.32	0.19649	0.05236
1666	9.325	0.19623	0.0527
1667	9.33	0.19597	0.05305
1668	9.335	0.1957	0.05341
1669	9.34	0.19543	0.05377
1670	9.345	0.19516	0.05413
1671	9.35	0.19489	0.0545
1672	9.355	0.19462	0.05487
1673	9.36	0.19434	0.05525
1674	9.365	0.19406	0.05563
1675	9.37	0.19378	0.05602
1676	9.375	0.1935	0.05641
1677	9.38	0.19322	0.0568
1678	9.385	0.19294	0.05719
1679	9.39	0.19265	0.05759
1680	9.395	0.19236	0.05799
1681	9.4	0.19207	0.05839
1682	9.405	0.19178	0.0588
1683	9.41	0.19148	0.05921
1684	9.415	0.19118	0.05962
1685	9.42	0.19088	0.06003
1686	9.425	0.19058	0.06044
1687	9.43	0.19028	0.06086
1688	9.435	0.18997	0.06127
1689	9.44	0.18967	0.06169
1690	9.445	0.18936	0.06211
1691	9.45	0.18905	0.06253
1692	9.455	0.18873	0.06295
1693	9.46	0.18842	0.06337
1694	9.465	0.1881	0.06379
1695	9.47	0.18778	0.06421
1696	9.475	0.18746	0.06464
1697	9.48	0.18713	0.06506
1698	9.485	0.18681	0.06549
1699	9.49	0.18648	0.06591
1700	9.495	0.18615	0.06634
1701	9.5	0.18581	0.06676
1702	9.505	0.18548	0.06719
1703	9.51	0.18514	0.06761
1704	9.515	0.1848	0.06804
1705	9.52	0.18446	0.06846
1706	9.525	0.18412	0.06889
1707	9.53	0.18377	0.06932
1708	9.535	0.18343	0.06974
1709	9.54	0.18308	0.07017
1710	9.545	0.18272	0.0706
1711	9.55	0.18237	0.07102
1712	9.555	0.18201	0.07145
1713	9.56	0.18166	0.07188
1714	9.565	0.1813	0.0723
1715	9.57	0.18093	0.07273
1716	9.575	0.18057	0.07316
1717	9.58	0.1802	0.07359
1718	9.585	0.17983	0.07401
1719	9.59	0.17946	0.07444
1720	9.595	0.17909	0.07487
1721	9.6	0.17871	0.0753
1722	9.605	0.17833	0.07572
1723	9.61	0.17795	0.07615
1724	9.615	0.17757	0.07658
1725	9.62	0.17719	0.077
1726	9.625	0.1768	0.07743
1727	9.63	0.17641	0.07786
1728	9.635	0.17602	0.07828
1729	9.64	0.17563	0.07871
1730	9.645	0.17524	0.07913
1731	9.65	0.17484	0.07956
1732	9.655	0.17444	0.07998
1733	9.66	0.17404	0.0804
1734	9.665	0.17364	0.08083
1735	9.67	0.17323	0.08125
1736	9.675	0.17283	0.08167
1737	9.68	0.17242	0.0821
1738	9.685	0.172	0.08252
1739	9.69	0.17159	0.08294
1740	9.695	0.17117	0.08336
1741	9.7	0.17076	0.08378
1742	9.705	0.17034	0.0842
1743	9.71	0.16991	0.08462
1744	9.715	0.16949	0.08504
1745	9.72	0.16906	0.08546
1746	9.725	0.16864	0.08588
1747	9.73	0.16821	0.08629
1748	9.735	0.16777	0.08671
1749	9.74	0.16734	0.08712
1750	9.745	0.1669	0.08753
1751	9.75	0.16646	0.08794
1752	9.755	0.16602	0.08835
1753	9.76	0.16558	0.08876
1754	9.765	0.16513	0.08917
1755	9.77	0.16469	0.08957
1756	9.775	0.16424	0.08997
1757	9.78	0.16379	0.09037
1758	9.785	0.16334	0.09077
1759	9.79	0.16288	0.09116
1760	9.795	0.16242	0.09156
1761	9.8	0.16197	0.09195
1762	9.805	0.1615	0.09233
1763	9.81	0.16104	0.09272
1764	9.815	0.16058	0.0931
1765	9.82	0.16011	0.09348
1766	9.825	0.15964	0.09386
1767	9.83	0.15917	0.09423
1768	9.835	0.1587	0.09461
1769	9.84	0.15823	0.09498
1770	9.845	0.15775	0.09535
1771	9.85	0.15727	0.09571
1772	9.855	0.15679	0.09608
1773	9.86	0.15631	0.09644
1774	9.865	0.15583	0.0968
1775	9.87	0.15534	0.09716
1776	9.875	0.15486	0.09751
1777	9.88	0.15437	0.09787
1778	9.885	0.15388	0.09822
1779	9.89	0.15339	0.09857
1780	9.895	0.15289	0.09892
1781	9.9	0.1524	0.09927
1782	9.905	0.1519	0.09961
1783	9.91	0.1514	0.09996
1784	9.915	0.1509	0.1003
1785	9.92	0.1504	0.10064
1786	9.925	0.14989	0.10098
1787	9.93	0.14939	0.10132
1788	9.935	0.14888	0.10166
1789	9.94	0.14837	0.10199
1790	9.945	0.14786	0.10233
1791	9.95	0.14735	0.10266
1792	9.955	0.14683	0.10299
1793	9.96	0.14632	0.10332
1794	9.965	0.1458	0.10364
1795	9.97	0.14528	0.10397
1796	9.975	0.14476	0.10429
1797	9.98	0.14424	0.10461
1798	9.985	0.14372	0.10493
1799	9.99	0.14319	0.10524
1800	9.995	0.14266	0.10556
1801	10	0.14213	0.10587
1802	10.005	0.1416	0.10618
1803	10.01	0.14107	0.10648
1804	10.015	0.14054	0.10679
1805	10.02	0.14	0.10708
1806	10.025	0.13947	0.10738
1807	10.03	0.13893	0.10767
1808	10.035	0.13839	0.10796
1809	10.04	0.13785	0.10825
1810	10.045	0.13731	0.10853
1811	10.05	0.13677	0.1088
1812	10.055	0.13622	0.10908
1813	10.06	0.13568	0.10934
1814	10.065	0.13513	0.10961
1815	10.07	0.13458	0.10987
1816	10.075	0.13403	0.11012
1817	10.08	0.13348	0.11037
1818	10.085	0.13293	0.11061
1819	10.09	0.13237	0.11085
1820	10.095	0.13182	0.11109
1821	10.1	0.13126	0.11132
1822	10.105	0.1307	0.11154
1823	10.11	0.13015	0.11176
1824	10.115	0.12959	0.11197
1825	10.12	0.12903	0.11218
1826	10.125	0.12846	0.11238
1827	10.13	0.1279	0.11258
1828	10.135	0.12734	0.11277
1829	10.14	0.12677	0.11295
1830	10.145	0.12621	0.11313
1831	10.15	0.12564	0.11331
1832	10.155	0.12508	0.11348
1833	10.16	0.12451	0.11364
1834	10.165	0.12394	0.1138
1835	10.17	0.12337	0.11395
1836	10.175	0.1228	0.1141
1837	10.18	0.12223	0.11425
1838	10.185	0.12166	0.11438
1839	10.19	0.12109	0.11452
1840	10.195	0.12051	0.11465
1841	10.2	0.11994	0.11478
1842	10.205	0.11936	0.1149
1843	10.21	0.11879	0.11501
1844	10.215	0.11821	0.11513
1845	10.22	0.11764	0.11524
1846	10.225	0.11706	0.11535
1847	10.23	0.11649	0.11545
1848	10.235	0.11591	0.11555
1849	10.24	0.11533	0.11565
1850	10.245	0.11475	0.11574
1851	10.25	0.11417	0.11583
1852	10.255	0.11359	0.11592
1853	10.26	0.11301	0.11601
1854	10.265	0.11243	0.11609
1855	10.27	0.11185	0.11617
1856	10.275	0.11127	0.11625
1857	10.28	0.11069	0.11633
1858	10.285	0.11011	0.11641
1859	10.29	0.10953	0.11649
1860	10.295	0.10894	0.11656
1861	10.3	0.10836	0.11663
1862	10.305	0.10778	0.1167
1863	10.31	0.10719	0.11677
1864	10.315	0.10661	0.11684
1865	10.32	0.10602	0.11691
1866	10.325	0.10544	0.11698
1867	10.33	0.10485	0.11705
1868	10.335	0.10427	0.11712
1869	10.34	0.10368	0.11719
1870	10.345	0.1031	0.11725
1871	10.35	0.10251	0.11732
1872	10.355	0.10192	0.11739
1873	10.36	0.10134	0.11745
1874	10.365	0.10075	0.11752
1875	10.37	0.10016	0.11759
1876	10.375	0.09957	0.11765
1877	10.38	0.09899	0.11772
1878	10.385	0.0984	0.11778
1879	10.39	0.09781	0.11785
1880	10.395	0.09722	0.11791
1881	10.4	0.09663	0.11798
1882	10.405	0.09604	0.11804
1883	10.41	0.09545	0.11811
1884	10.415	0.09486	0.11817
1885	10.42	0.09427	0.11824
1886	10.425	0.09368	0.1183
1887	10.43	0.09308	0.11836
1888	10.435	0.09249	0.11843
1889	10.44	0.0919	0.11849
1890	10.445	0.09131	0.11855
1891	10.45	0.09071	0.11861
1892	10.455	0.09012	0.11867
1893	10.46	0.08953	0.11873
1894	10.465	0.08893	0.11879
1895	10.47	0.08834	0.11884
1896	10.475	0.08774	0.1189
1897	10.48	0.08715	0.11895
1898	10.485	0.08656	0.11901
1899	10.49	0.08596	0.11906
1900	10.495	0.08536	0.11911
1901	10.5	0.08477	0.11916
1902	10.505	0.08417	0.11921
1903	10.51	0.08358	0.11925
1904	10.515	0.08298	0.1193
1905	10.52	0.08238	0.11934
1906	10.525	0.08179	0.11938
1907	10.53	0.08119	0.11942
1908	10.535	0.08059	0.11946
1909	10.54	0.08	0.1195
1910	10.545	0.0794	0.11954
1911	10.55	0.0788	0.11957
1912	10.555	0.0782	0.1196
1913	10.56	0.0776	0.11963
1914	10.565	0.07701	0.11966
1915	10.57	0.07641	0.11969
1916	10.575	0.07581	0.11971
1917	10.58	0.07521	0.11973
1918	10.585	0.07461	0.11975
1919	10.59	0.07401	0.11976
1920	10.595	0.07341	0.11978
1921	10.6	0.07282	0.11979
1922	10.605	0.07222	0.11979
1923	10.61	0.07162	0.11979
1924	10.615	0.07102	0.11979
1925	10.62	0.07042	0.11979
1926	10.625	0.06982	0.11978
1927	10.63	0.06922	0.11977
1928	10.635	0.06862	0.11975
1929	10.64	0.06802	0.11973
1930	10.645	0.06743	0.1197
1931	10.65	0.06683	0.11967
1932	10.655	0.06623	0.11963
1933	10.66	0.06563	0.11959
1934	10.665	0.06503	0.11954
1935	10.67	0.06444	0.11949
1936	10.675	0.06384	0.11943
1937	10.68	0.06324	0.11937
1938	10.685	0.06264	0.1193
1939	10.69	0.06205	0.11923
1940	10.695	0.06145	0.11915
1941	10.7	0.06086	0.11906
1942	10.705	0.06026	0.11897
1943	10.71	0.05967	0.11887
1944	10.715	0.05907	0.11877
1945	10.72	0.05848	0.11866
1946	10.725	0.05789	0.11855
1947	10.73	0.05729	0.11842
1948	10.735	0.0567	0.1183
1949	10.74	0.05611	0.11816
1950	10.745	0.05552	0.11802
1951	10.75	0.05493	0.11788
1952	10.755	0.05434	0.11772
1953	10.76	0.05375	0.11756
1954	10.765	0.05317	0.1174
1955	10.77	0.05258	0.11723
1956	10.775	0.05199	0.11705
1957	10.78	0.05141	0.11687
1958	10.785	0.05082	0.11668
1959	10.79	0.05024	0.11648
1960	10.795	0.04966	0.11628
1961	10.8	0.04908	0.11607
1962	10.805	0.0485	0.11586
1963	10.81	0.04792	0.11564
1964	10.815	0.04734	0.11542
1965	10.82	0.04677	0.11519
1966	10.825	0.04619	0.11496
1967	10.83	0.04562	0.11472
1968	10.835	0.04504	0.11447
1969	10.84	0.04447	0.11422
1970	10.845	0.0439	0.11396
1971	10.85	0.04333	0.1137
1972	10.855	0.04276	0.11344
1973	10.86	0.0422	0.11317
1974	10.865	0.04163	0.11289
1975	10.87	0.04107	0.11261
1976	10.875	0.04051	0.11233
1977	10.88	0.03995	0.11204
1978	10.885	0.03939	0.11175
1979	10.89	0.03883	0.11145
1980	10.895	0.03827	0.11115
1981	10.9	0.03772	0.11085
1982	10.905	0.03716	0.11054
1983	10.91	0.03661	0.11023
1984	10.915	0.03606	0.10991
1985	10.92	0.03551	0.10959
1986	10.925	0.03496	0.10927
1987	10.93	0.03442	0.10894
1988	10.935	0.03388	0.10861
1989	10.94	0.03333	0.10828
1990	10.945	0.03279	0.10795
1991	10.95	0.03225	0.10761
1992	10.955	0.03172	0.10726
1993	10.96	0.03118	0.10692
1994	10.965	0.03065	0.10657
1995	10.97	0.03012	0.10622
1996	10.975	0.02959	0.10586
1997	10.98	0.02906	0.10551
1998	10.985	0.02853	0.10514
1999	10.99	0.02801	0.10478
2000	10.995	0.02748	0.10441
2001	11	0.02696	0.10404
2002	11.005	0.02644	0.10367
2003	11.01	0.02592	0.1033
2004	11.015	0.02541	0.10292
2005	11.02	0.0249	0.10254
2006	11.025	0.02438	0.10216
2007	11.03	0.02387	0.10177
2008	11.035	0.02337	0.10138
2009	11.04	0.02286	0.10099
2010	11.045	0.02236	0.1006
2011	11.05	0.02185	0.10021
2012	11.055	0.02135	0.09981
2013	11.06	0.02086	0.09941
2014	11.065	0.02036	0.09901
2015	11.07	0.01987	0.0986
2016	11.075	0.01937	0.09819
2017	11.08	0.01888	0.09778
2018	11.085	0.0184	0.09737
2019	11.09	0.01791	0.09695
2020	11.095	0.01743	0.09654
2021	11.1	0.01694	0.09611
2022	11.105	0.01647	0.09569
2023	11.11	0.01599	0.09526
2024	11.115	0.01551	0.09483
2025	11.12	0.01504	0.0944
2026	11.125	0.01457	0.09397
2027	11.13	0.0141	0.09353
2028	11.135	0.01363	0.09309
2029	11.14	0.01317	0.09264
2030	11.145	0.01271	0.09219
2031	11.15	0.01225	0.09174
2032	11.155	0.01179	0.09129
2033	11.16	0.01133	0.09083
2034	11.165	0.01088	0.09038
2035	11.17	0.01043	0.08991
2036	11.175	0.00998	0.08945
2037	11.18	0.00954	0.08898
2038	11.185	0.00909	0.08851
2039	11.19	0.00865	0.08804
2040	11.195	0.00821	0.08757
2041	11.2	0.00778	0.08709
2042	11.205	0.00734	0.08661
2043	11.21	0.00691	0.08613
2044	11.215	0.00648	0.08565
2045	11.22	0.00605	0.08516
2046	11.225	0.00563	0.08468
2047	11.23	0.00521	0.08419
2048	11.235	0.00479	0.0837
2049	11.24	0.00437	0.08321
2050	11.245	0.00395	0.08272
2051	11.25	0.00354	0.08222
2052	11.255	0.00313	0.08173
2053	11.26	0.00272	0.08123
2054	11.265	0.00232	0.08074
2055	11.27	0.00192	0.08024
2056	11.275	0.00152	0.07974
2057	11.28	0.00112	0.07925
2058	11.285	7.24535E-4	0.07875
2059	11.29	3.32025E-4	0.07825
2060	11.295	-5.80014E-5	0.07776
2061	11.3	-4.45545E-4	0.07726
2062	11.305	-8.30608E-4	0.07676
2063	11.31	-0.00121	0.07627
2064	11.315	-0.00159	0.07577
2065	11.32	-0.00197	0.07528
2066	11.325	-0.00235	0.07479
2067	11.33	-0.00272	0.0743
2068	11.335	-0.00309	0.0738
2069	11.34	-0.00346	0.07331
2070	11.345	-0.00382	0.07282
2071	11.35	-0.00419	0.07234
2072	11.355	-0.00455	0.07185
2073	11.36	-0.0049	0.07136
2074	11.365	-0.00526	0.07088
2075	11.37	-0.00561	0.07039
2076	11.375	-0.00596	0.06991
2077	11.38	-0.00631	0.06943
2078	11.385	-0.00666	0.06895
2079	11.39	-0.007	0.06847
2080	11.395	-0.00734	0.06799
2081	11.4	-0.00768	0.06752
2082	11.405	-0.00802	0.06704
2083	11.41	-0.00835	0.06657
2084	11.415	-0.00868	0.0661
2085	11.42	-0.00901	0.06563
2086	11.425	-0.00934	0.06516
2087	11.43	-0.00966	0.06469
2088	11.435	-0.00999	0.06422
2089	11.44	-0.01031	0.06376
2090	11.445	-0.01062	0.06329
2091	11.45	-0.01094	0.06283
2092	11.455	-0.01125	0.06237
2093	11.46	-0.01156	0.06191
2094	11.465	-0.01187	0.06145
2095	11.47	-0.01218	0.061
2096	11.475	-0.01248	0.06054
2097	11.48	-0.01278	0.06009
2098	11.485	-0.01308	0.05964
2099	11.49	-0.01338	0.05919
2100	11.495	-0.01367	0.05874
2101	11.5	-0.01397	0.0583
2102	11.505	-0.01426	0.05785
2103	11.51	-0.01454	0.05741
2104	11.515	-0.01483	0.05697
2105	11.52	-0.01511	0.05653
2106	11.525	-0.0154	0.05609
2107	11.53	-0.01568	0.05566
2108	11.535	-0.01595	0.05522
2109	11.54	-0.01623	0.05479
2110	11.545	-0.0165	0.05436
2111	11.55	-0.01677	0.05393
2112	11.555	-0.01704	0.05351
2113	11.56	-0.01731	0.05308
2114	11.565	-0.01757	0.05266
2115	11.57	-0.01783	0.05224
2116	11.575	-0.01809	0.05182
2117	11.58	-0.01835	0.0514
2118	11.585	-0.01861	0.05098
2119	11.59	-0.01886	0.05057
2120	11.595	-0.01911	0.05016
2121	11.6	-0.01936	0.04975
2122	11.605	-0.01961	0.04934
2123	11.61	-0.01986	0.04894
2124	11.615	-0.0201	0.04854
2125	11.62	-0.02034	0.04814
2126	11.625	-0.02058	0.04774
2127	11.63	-0.02082	0.04735
2128	11.635	-0.02105	0.04696
2129	11.64	-0.02129	0.04657
2130	11.645	-0.02152	0.04618
2131	11.65	-0.02175	0.0458
2132	11.655	-0.02198	0.04542
2133	11.66	-0.0222	0.04504
2134	11.665	-0.02243	0.04466
2135	11.67	-0.02265	0.04428
2136	11.675	-0.02287	0.04391
2137	11.68	-0.02309	0.04354
2138	11.685	-0.02331	0.04317
2139	11.69	-0.02352	0.04281
2140	11.695	-0.02373	0.04244
2141	11.7	-0.02395	0.04208
2142	11.705	-0.02416	0.04172
2143	11.71	-0.02436	0.04136
2144	11.715	-0.02457	0.041
2145	11.72	-0.02477	0.04065
2146	11.725	-0.02498	0.04029
2147	11.73	-0.02518	0.03994
2148	11.735	-0.02538	0.03958
2149	11.74	-0.02557	0.03923
2150	11.745	-0.02577	0.03888
2151	11.75	-0.02596	0.03853
2152	11.755	-0.02615	0.03818
2153	11.76	-0.02634	0.03783
2154	11.765	-0.02653	0.03748
2155	11.77	-0.02672	0.03713
2156	11.775	-0.0269	0.03678
2157	11.78	-0.02709	0.03643
2158	11.785	-0.02727	0.03608
2159	11.79	-0.02745	0.03572
2160	11.795	-0.02762	0.03537
2161	11.8	-0.0278	0.03502
2162	11.805	-0.02797	0.03467
2163	11.81	-0.02815	0.03431
2164	11.815	-0.02832	0.03396
2165	11.82	-0.02849	0.0336
2166	11.825	-0.02865	0.03324
2167	11.83	-0.02882	0.03288
2168	11.835	-0.02898	0.03253
2169	11.84	-0.02914	0.03216
2170	11.845	-0.0293	0.0318
2171	11.85	-0.02946	0.03144
2172	11.855	-0.02962	0.03108
2173	11.86	-0.02977	0.03071
2174	11.865	-0.02993	0.03035
2175	11.87	-0.03008	0.02998
2176	11.875	-0.03023	0.02961
2177	11.88	-0.03037	0.02924
2178	11.885	-0.03052	0.02887
2179	11.89	-0.03066	0.0285
2180	11.895	-0.0308	0.02813
2181	11.9	-0.03094	0.02776
2182	11.905	-0.03108	0.02739
2183	11.91	-0.03122	0.02701
2184	11.915	-0.03135	0.02664
2185	11.92	-0.03148	0.02627
2186	11.925	-0.03161	0.0259
2187	11.93	-0.03174	0.02553
2188	11.935	-0.03187	0.02515
2189	11.94	-0.03199	0.02478
2190	11.945	-0.03212	0.02441
2191	11.95	-0.03224	0.02404
2192	11.955	-0.03236	0.02367
2193	11.96	-0.03247	0.0233
2194	11.965	-0.03259	0.02294
2195	11.97	-0.0327	0.02257
2196	11.975	-0.03282	0.0222
2197	11.98	-0.03293	0.02184
2198	11.985	-0.03303	0.02148
2199	11.99	-0.03314	0.02111
2200	11.995	-0.03324	0.02075
2201	12	-0.03335	0.02039
2202	12.005	-0.03345	0.02003
2203	12.01	-0.03355	0.01968
2204	12.015	-0.03365	0.01932
2205	12.02	-0.03374	0.01897
2206	12.025	-0.03384	0.01862
2207	12.03	-0.03393	0.01827
2208	12.035	-0.03402	0.01792
2209	12.04	-0.03411	0.01758
2210	12.045	-0.03419	0.01724
2211	12.05	-0.03428	0.0169
2212	12.055	-0.03436	0.01656
2213	12.06	-0.03444	0.01623
2214	12.065	-0.03452	0.0159
2215	12.07	-0.0346	0.01557
2216	12.075	-0.03468	0.01524
2217	12.08	-0.03476	0.01492
2218	12.085	-0.03483	0.0146
2219	12.09	-0.0349	0.01429
2220	12.095	-0.03497	0.01398
2221	12.1	-0.03504	0.01367
2222	12.105	-0.03511	0.01336
2223	12.11	-0.03518	0.01306
2224	12.115	-0.03524	0.01276
2225	12.12	-0.0353	0.01247
2226	12.125	-0.03536	0.01218
2227	12.13	-0.03542	0.01189
2228	12.135	-0.03548	0.01161
2229	12.14	-0.03554	0.01133
2230	12.145	-0.0356	0.01105
2231	12.15	-0.03565	0.01078
2232	12.155	-0.0357	0.01051
2233	12.16	-0.03576	0.01025
2234	12.165	-0.03581	0.00999
2235	12.17	-0.03586	0.00973
2236	12.175	-0.0359	0.00947
2237	12.18	-0.03595	0.00922
2238	12.185	-0.036	0.00898
2239	12.19	-0.03604	0.00873
2240	12.195	-0.03608	0.00849
2241	12.2	-0.03613	0.00826
2242	12.205	-0.03617	0.00803
2243	12.21	-0.03621	0.0078
2244	12.215	-0.03624	0.00757
2245	12.22	-0.03628	0.00735
2246	12.225	-0.03632	0.00713
2247	12.23	-0.03635	0.00692
2248	12.235	-0.03639	0.00671
2249	12.24	-0.03642	0.0065
2250	12.245	-0.03645	0.00629
2251	12.25	-0.03648	0.00609
2252	12.255	-0.03651	0.0059
2253	12.26	-0.03654	0.0057
2254	12.265	-0.03657	0.00551
2255	12.27	-0.0366	0.00533
2256	12.275	-0.03662	0.00514
2257	12.28	-0.03665	0.00496
2258	12.285	-0.03667	0.00478
2259	12.29	-0.0367	0.00461
2260	12.295	-0.03672	0.00444
2261	12.3	-0.03674	0.00427
2262	12.305	-0.03676	0.0041
2263	12.31	-0.03678	0.00394
2264	12.315	-0.0368	0.00378
2265	12.32	-0.03682	0.00362
2266	12.325	-0.03684	0.00346
2267	12.33	-0.03685	0.00331
2268	12.335	-0.03687	0.00316
2269	12.34	-0.03689	0.00301
2270	12.345	-0.0369	0.00286
2271	12.35	-0.03691	0.00271
2272	12.355	-0.03693	0.00257
2273	12.36	-0.03694	0.00243
2274	12.365	-0.03695	0.00229
2275	12.37	-0.03696	0.00215
2276	12.375	-0.03697	0.00201
2277	12.38	-0.03698	0.00187
2278	12.385	-0.03699	0.00174
2279	12.39	-0.037	0.0016
2280	12.395	-0.03701	0.00147
2281	12.4	-0.03702	0.00133
2282	12.405	-0.03702	0.0012
2283	12.41	-0.03703	0.00107
2284	12.415	-0.03703	9.39934E-4
2285	12.42	-0.03704	8.09775E-4
2286	12.425	-0.03704	6.80222E-4
2287	12.43	-0.03704	5.51251E-4
2288	12.435	-0.03705	4.22844E-4
2289	12.44	-0.03705	2.94987E-4
2290	12.445	-0.03705	1.67672E-4
2291	12.45	-0.03705	4.08918E-5
2292	12.455	-0.03705	-8.53552E-5
2293	12.46	-0.03705	-2.1107E-4
2294	12.465	-0.03705	-3.36251E-4
2295	12.47	-0.03704	-4.60893E-4
2296	12.475	-0.03704	-5.8499E-4
2297	12.48	-0.03704	-7.08529E-4
2298	12.485	-0.03704	-8.31494E-4
2299	12.49	-0.03703	-9.53863E-4
2300	12.495	-0.03703	-0.00108
2301	12.5	-0.03702	-0.0012
2302	12.505	-0.03701	-0.00132
2303	12.51	-0.03701	-0.00144
2304	12.515	-0.037	-0.00156
2305	12.52	-0.03699	-0.00167
2306	12.525	-0.03698	-0.00179
2307	12.53	-0.03697	-0.00191
2308	12.535	-0.03696	-0.00202
2309	12.54	-0.03695	-0.00213
2310	12.545	-0.03694	-0.00225
2311	12.55	-0.03693	-0.00236
2312	12.555	-0.03692	-0.00247
2313	12.56	-0.03691	-0.00257
2314	12.565	-0.03689	-0.00268
2315	12.57	-0.03688	-0.00278
2316	12.575	-0.03687	-0.00289
2317	12.58	-0.03685	-0.00299
2318	12.585	-0.03684	-0.00309
2319	12.59	-0.03682	-0.00318
2320	12.595	-0.0368	-0.00328
2321	12.6	-0.03679	-0.00337
2322	12.605	-0.03677	-0.00346
2323	12.61	-0.03675	-0.00355
2324	12.615	-0.03673	-0.00364
2325	12.62	-0.03672	-0.00372
2326	12.625	-0.0367	-0.0038
2327	12.63	-0.03668	-0.00388
2328	12.635	-0.03666	-0.00396
2329	12.64	-0.03664	-0.00404
2330	12.645	-0.03662	-0.00411
2331	12.65	-0.0366	-0.00418
2332	12.655	-0.03658	-0.00425
2333	12.66	-0.03655	-0.00432
2334	12.665	-0.03653	-0.00439
2335	12.67	-0.03651	-0.00445
2336	12.675	-0.03649	-0.00451
2337	12.68	-0.03647	-0.00457
2338	12.685	-0.03644	-0.00463
2339	12.69	-0.03642	-0.00468
2340	12.695	-0.0364	-0.00474
2341	12.7	-0.03637	-0.00479
2342	12.705	-0.03635	-0.00484
2343	12.71	-0.03632	-0.00489
2344	12.715	-0.0363	-0.00493
2345	12.72	-0.03627	-0.00498
2346	12.725	-0.03625	-0.00502
2347	12.73	-0.03622	-0.00506
2348	12.735	-0.0362	-0.0051
2349	12.74	-0.03617	-0.00514
2350	12.745	-0.03615	-0.00518
2351	12.75	-0.03612	-0.00522
2352	12.755	-0.03609	-0.00525
2353	12.76	-0.03607	-0.00528
2354	12.765	-0.03604	-0.00532
2355	12.77	-0.03602	-0.00535
2356	12.775	-0.03599	-0.00538
2357	12.78	-0.03596	-0.00541
2358	12.785	-0.03593	-0.00544
2359	12.79	-0.03591	-0.00547
2360	12.795	-0.03588	-0.0055
2361	12.8	-0.03585	-0.00553
2362	12.805	-0.03582	-0.00556
2363	12.81	-0.0358	-0.00559
2364	12.815	-0.03577	-0.00562
2365	12.82	-0.03574	-0.00565
2366	12.825	-0.03571	-0.00568
2367	12.83	-0.03568	-0.0057
2368	12.835	-0.03566	-0.00573
2369	12.84	-0.03563	-0.00577
2370	12.845	-0.0356	-0.0058
2371	12.85	-0.03557	-0.00583
2372	12.855	-0.03554	-0.00586
2373	12.86	-0.03551	-0.00589
2374	12.865	-0.03548	-0.00592
2375	12.87	-0.03545	-0.00596
2376	12.875	-0.03542	-0.00599
2377	12.88	-0.03539	-0.00603
2378	12.885	-0.03536	-0.00607
2379	12.89	-0.03533	-0.0061
2380	12.895	-0.0353	-0.00614
2381	12.9	-0.03527	-0.00618
2382	12.905	-0.03524	-0.00622
2383	12.91	-0.03521	-0.00627
2384	12.915	-0.03517	-0.00631
2385	12.92	-0.03514	-0.00635
2386	12.925	-0.03511	-0.0064
2387	12.93	-0.03508	-0.00645
2388	12.935	-0.03505	-0.0065
2389	12.94	-0.03501	-0.00655
2390	12.945	-0.03498	-0.0066
2391	12.95	-0.03495	-0.00666
2392	12.955	-0.03491	-0.00671
2393	12.96	-0.03488	-0.00677
2394	12.965	-0.03485	-0.00683
2395	12.97	-0.03481	-0.00689
2396	12.975	-0.03478	-0.00696
2397	12.98	-0.03474	-0.00702
2398	12.985	-0.03471	-0.00709
2399	12.99	-0.03467	-0.00716
2400	12.995	-0.03464	-0.00724
2401	13	-0.0346	-0.00731
2402	13.005	-0.03456	-0.00739
2403	13.01	-0.03453	-0.00747
2404	13.015	-0.03449	-0.00755
2405	13.02	-0.03445	-0.00764
2406	13.025	-0.03441	-0.00773
2407	13.03	-0.03437	-0.00782
2408	13.035	-0.03433	-0.00791
2409	13.04	-0.03429	-0.00801
2410	13.045	-0.03425	-0.00811
2411	13.05	-0.03421	-0.00822
2412	13.055	-0.03417	-0.00832
2413	13.06	-0.03413	-0.00843
2414	13.065	-0.03409	-0.00855
2415	13.07	-0.03404	-0.00867
2416	13.075	-0.034	-0.00879
2417	13.08	-0.03396	-0.00891
2418	13.085	-0.03391	-0.00904
2419	13.09	-0.03387	-0.00918
2420	13.095	-0.03382	-0.00931
2421	13.1	-0.03377	-0.00945
2422	13.105	-0.03373	-0.0096
2423	13.11	-0.03368	-0.00975
2424	13.115	-0.03363	-0.0099
2425	13.12	-0.03358	-0.01006
2426	13.125	-0.03353	-0.01022
2427	13.13	-0.03348	-0.01038
2428	13.135	-0.03342	-0.01055
2429	13.14	-0.03337	-0.01072
2430	13.145	-0.03332	-0.01089
2431	13.15	-0.03326	-0.01107
2432	13.155	-0.03321	-0.01125
2433	13.16	-0.03315	-0.01143
2434	13.165	-0.03309	-0.01162
2435	13.17	-0.03303	-0.01181
2436	13.175	-0.03297	-0.012
2437	13.18	-0.03291	-0.0122
2438	13.185	-0.03285	-0.01239
2439	13.19	-0.03279	-0.01259
2440	13.195	-0.03273	-0.0128
2441	13.2	-0.03266	-0.013
2442	13.205	-0.0326	-0.01321
2443	13.21	-0.03253	-0.01341
2444	13.215	-0.03246	-0.01362
2445	13.22	-0.03239	-0.01383
2446	13.225	-0.03232	-0.01405
2447	13.23	-0.03225	-0.01426
2448	13.235	-0.03218	-0.01447
2449	13.24	-0.03211	-0.01469
2450	13.245	-0.03203	-0.0149
2451	13.25	-0.03196	-0.01512
2452	13.255	-0.03188	-0.01534
2453	13.26	-0.0318	-0.01555
2454	13.265	-0.03173	-0.01577
2455	13.27	-0.03165	-0.01599
2456	13.275	-0.03157	-0.01621
2457	13.28	-0.03149	-0.01642
2458	13.285	-0.0314	-0.01664
2459	13.29	-0.03132	-0.01686
2460	13.295	-0.03123	-0.01707
2461	13.3	-0.03115	-0.01729
2462	13.305	-0.03106	-0.0175
2463	13.31	-0.03097	-0.01771
2464	13.315	-0.03088	-0.01793
2465	13.32	-0.03079	-0.01814
2466	13.325	-0.0307	-0.01835
2467	13.33	-0.03061	-0.01856
2468	13.335	-0.03052	-0.01877
2469	13.34	-0.03042	-0.01897
2470	13.345	-0.03033	-0.01918
2471	13.35	-0.03023	-0.01938
2472	13.355	-0.03013	-0.01958
2473	13.36	-0.03003	-0.01978
2474	13.365	-0.02994	-0.01998
2475	13.37	-0.02984	-0.02018
2476	13.375	-0.02973	-0.02037
2477	13.38	-0.02963	-0.02056
2478	13.385	-0.02953	-0.02075
2479	13.39	-0.02942	-0.02094
2480	13.395	-0.02932	-0.02113
2481	13.4	-0.02921	-0.02132
2482	13.405	-0.02911	-0.0215
2483	13.41	-0.029	-0.02169
2484	13.415	-0.02889	-0.02187
2485	13.42	-0.02878	-0.02205
2486	13.425	-0.02867	-0.02223
2487	13.43	-0.02856	-0.02241
2488	13.435	-0.02844	-0.02259
2489	13.44	-0.02833	-0.02277
2490	13.445	-0.02822	-0.02294
2491	13.45	-0.0281	-0.02312
2492	13.455	-0.02799	-0.02329
2493	13.46	-0.02787	-0.02347
2494	13.465	-0.02775	-0.02364
2495	13.47	-0.02763	-0.02381
2496	13.475	-0.02751	-0.02398
2497	13.48	-0.02739	-0.02415
2498	13.485	-0.02727	-0.02432
2499	13.49	-0.02715	-0.02449
2500	13.495	-0.02703	-0.02466
2501	13.5	-0.0269	-0.02483
2502	13.505	-0.02678	-0.025
2503	13.51	-0.02665	-0.02516
2504	13.515	-0.02653	-0.02533
2505	13.52	-0.0264	-0.0255
2506	13.525	-0.02627	-0.02566
2507	13.53	-0.02614	-0.02583
2508	13.535	-0.02601	-0.026
2509	13.54	-0.02588	-0.02616
2510	13.545	-0.02575	-0.02633
2511	13.55	-0.02562	-0.02649
2512	13.555	-0.02549	-0.02665
2513	13.56	-0.02535	-0.02682
2514	13.565	-0.02522	-0.02698
2515	13.57	-0.02508	-0.02714
2516	13.575	-0.02495	-0.02731
2517	13.58	-0.02481	-0.02747
2518	13.585	-0.02467	-0.02763
2519	13.59	-0.02453	-0.02779
2520	13.595	-0.02439	-0.02795
2521	13.6	-0.02425	-0.0281
2522	13.605	-0.02411	-0.02826
2523	13.61	-0.02397	-0.02842
2524	13.615	-0.02383	-0.02857
2525	13.62	-0.02369	-0.02873
2526	13.625	-0.02354	-0.02888
2527	13.63	-0.0234	-0.02903
2528	13.635	-0.02325	-0.02918
2529	13.64	-0.0231	-0.02933
2530	13.645	-0.02296	-0.02947
2531	13.65	-0.02281	-0.02962
2532	13.655	-0.02266	-0.02976
2533	13.66	-0.02251	-0.0299
2534	13.665	-0.02236	-0.03003
2535	13.67	-0.02221	-0.03017
2536	13.675	-0.02206	-0.0303
2537	13.68	-0.02191	-0.03043
2538	13.685	-0.02176	-0.03056
2539	13.69	-0.0216	-0.03068
2540	13.695	-0.02145	-0.03081
2541	13.7	-0.0213	-0.03092
2542	13.705	-0.02114	-0.03104
2543	13.71	-0.02099	-0.03115
2544	13.715	-0.02083	-0.03126
2545	13.72	-0.02067	-0.03137
2546	13.725	-0.02052	-0.03147
2547	13.73	-0.02036	-0.03157
2548	13.735	-0.0202	-0.03167
2549	13.74	-0.02004	-0.03176
2550	13.745	-0.01988	-0.03185
2551	13.75	-0.01972	-0.03193
2552	13.755	-0.01956	-0.03201
2553	13.76	-0.0194	-0.03209
2554	13.765	-0.01924	-0.03216
2555	13.77	-0.01908	-0.03223
2556	13.775	-0.01892	-0.0323
2557	13.78	-0.01876	-0.03236
2558	13.785	-0.0186	-0.03241
2559	13.79	-0.01843	-0.03247
2560	13.795	-0.01827	-0.03252
2561	13.8	-0.01811	-0.03256
2562	13.805	-0.01795	-0.0326
2563	13.81	-0.01778	-0.03263
2564	13.815	-0.01762	-0.03266
2565	13.82	-0.01746	-0.03269
2566	13.825	-0.01729	-0.03271
2567	13.83	-0.01713	-0.03273
2568	13.835	-0.01697	-0.03274
2569	13.84	-0.0168	-0.03275
2570	13.845	-0.01664	-0.03275
2571	13.85	-0.01647	-0.03274
2572	13.855	-0.01631	-0.03274
2573	13.86	-0.01615	-0.03272
2574	13.865	-0.01598	-0.03271
2575	13.87	-0.01582	-0.03268
2576	13.875	-0.01566	-0.03266
2577	13.88	-0.01549	-0.03262
2578	13.885	-0.01533	-0.03259
2579	13.89	-0.01517	-0.03254
2580	13.895	-0.015	-0.0325
2581	13.9	-0.01484	-0.03245
2582	13.905	-0.01468	-0.03239
2583	13.91	-0.01452	-0.03233
2584	13.915	-0.01436	-0.03226
2585	13.92	-0.0142	-0.03219
2586	13.925	-0.01404	-0.03211
2587	13.93	-0.01387	-0.03203
2588	13.935	-0.01371	-0.03195
2589	13.94	-0.01356	-0.03186
2590	13.945	-0.0134	-0.03176
2591	13.95	-0.01324	-0.03166
2592	13.955	-0.01308	-0.03156
2593	13.96	-0.01292	-0.03145
2594	13.965	-0.01277	-0.03133
2595	13.97	-0.01261	-0.03122
2596	13.975	-0.01245	-0.03109
2597	13.98	-0.0123	-0.03096
2598	13.985	-0.01214	-0.03083
2599	13.99	-0.01199	-0.03069
2600	13.995	-0.01184	-0.03055
2601	14	-0.01168	-0.0304
2602	14.005	-0.01153	-0.03024
2603	14.01	-0.01138	-0.03009
2604	14.015	-0.01123	-0.02992
2605	14.02	-0.01108	-0.02976
2606	14.025	-0.01093	-0.02958
2607	14.03	-0.01079	-0.0294
2608	14.035	-0.01064	-0.02922
2609	14.04	-0.01049	-0.02903
2610	14.045	-0.01035	-0.02884
2611	14.05	-0.01021	-0.02865
2612	14.055	-0.01006	-0.02845
2613	14.06	-0.00992	-0.02825
2614	14.065	-0.00978	-0.02805
2615	14.07	-0.00964	-0.02784
2616	14.075	-0.0095	-0.02764
2617	14.08	-0.00936	-0.02743
2618	14.085	-0.00923	-0.02723
2619	14.09	-0.00909	-0.02702
2620	14.095	-0.00896	-0.02682
2621	14.1	-0.00882	-0.02661
2622	14.105	-0.00869	-0.02641
2623	14.11	-0.00856	-0.02621
2624	14.115	-0.00843	-0.02601
2625	14.12	-0.0083	-0.02581
2626	14.125	-0.00817	-0.02561
2627	14.13	-0.00804	-0.02541
2628	14.135	-0.00792	-0.02522
2629	14.14	-0.00779	-0.02502
2630	14.145	-0.00767	-0.02483
2631	14.15	-0.00754	-0.02464
2632	14.155	-0.00742	-0.02445
2633	14.16	-0.0073	-0.02426
2634	14.165	-0.00718	-0.02407
2635	14.17	-0.00706	-0.02388
2636	14.175	-0.00694	-0.02369
2637	14.18	-0.00682	-0.0235
2638	14.185	-0.0067	-0.02332
2639	14.19	-0.00659	-0.02313
2640	14.195	-0.00647	-0.02294
2641	14.2	-0.00636	-0.02276
2642	14.205	-0.00625	-0.02257
2643	14.21	-0.00613	-0.02238
2644	14.215	-0.00602	-0.0222
2645	14.22	-0.00591	-0.02201
2646	14.225	-0.0058	-0.02183
2647	14.23	-0.00569	-0.02164
2648	14.235	-0.00558	-0.02145
2649	14.24	-0.00548	-0.02127
2650	14.245	-0.00537	-0.02108
2651	14.25	-0.00527	-0.02089
2652	14.255	-0.00516	-0.02071
2653	14.26	-0.00506	-0.02052
2654	14.265	-0.00496	-0.02033
2655	14.27	-0.00486	-0.02014
2656	14.275	-0.00476	-0.01995
2657	14.28	-0.00466	-0.01976
2658	14.285	-0.00456	-0.01957
2659	14.29	-0.00446	-0.01938
2660	14.295	-0.00437	-0.01919
2661	14.3	-0.00427	-0.019
2662	14.305	-0.00418	-0.0188
2663	14.31	-0.00408	-0.01861
2664	14.315	-0.00399	-0.01842
2665	14.32	-0.0039	-0.01822
2666	14.325	-0.00381	-0.01803
2667	14.33	-0.00372	-0.01783
2668	14.335	-0.00363	-0.01764
2669	14.34	-0.00354	-0.01744
2670	14.345	-0.00345	-0.01724
2671	14.35	-0.00337	-0.01704
2672	14.355	-0.00328	-0.01684
2673	14.36	-0.0032	-0.01664
2674	14.365	-0.00312	-0.01644
2675	14.37	-0.00304	-0.01624
2676	14.375	-0.00295	-0.01604
2677	14.38	-0.00288	-0.01584
2678	14.385	-0.0028	-0.01563
2679	14.39	-0.00272	-0.01543
2680	14.395	-0.00264	-0.01522
2681	14.4	-0.00257	-0.01502
2682	14.405	-0.00249	-0.01481
2683	14.41	-0.00242	-0.0146
2684	14.415	-0.00235	-0.01439
2685	14.42	-0.00227	-0.01419
2686	14.425	-0.0022	-0.01398
2687	14.43	-0.00213	-0.01377
2688	14.435	-0.00207	-0.01356
2689	14.44	-0.002	-0.01334
2690	14.445	-0.00193	-0.01313
2691	14.45	-0.00187	-0.01292
2692	14.455	-0.0018	-0.0127
2693	14.46	-0.00174	-0.01249
2694	14.465	-0.00168	-0.01228
2695	14.47	-0.00162	-0.01206
2696	14.475	-0.00156	-0.01184
2697	14.48	-0.0015	-0.01163
2698	14.485	-0.00144	-0.01141
2699	14.49	-0.00139	-0.01119
2700	14.495	-0.00133	-0.01097
2701	14.5	-0.00128	-0.01075
2702	14.505	-0.00122	-0.01053
2703	14.51	-0.00117	-0.01031
2704	14.515	-0.00112	-0.01009
2705	14.52	-0.00107	-0.00987
2706	14.525	-0.00102	-0.00964
2707	14.53	-9.734E-4	-0.00942
2708	14.535	-9.26856E-4	-0.0092
2709	14.54	-8.81434E-4	-0.00897
2710	14.545	-8.37135E-4	-0.00875
2711	14.55	-7.93964E-4	-0.00852
2712	14.555	-7.51921E-4	-0.0083
2713	14.56	-7.11011E-4	-0.00807
2714	14.565	-6.71236E-4	-0.00784
2715	14.57	-6.32598E-4	-0.00761
2716	14.575	-5.95101E-4	-0.00739
2717	14.58	-5.58747E-4	-0.00716
2718	14.585	-5.23538E-4	-0.00693
2719	14.59	-4.89478E-4	-0.0067
2720	14.595	-4.56568E-4	-0.00647
2721	14.6	-4.24811E-4	-0.00624
2722	14.605	-3.94211E-4	-0.006
2723	14.61	-3.64768E-4	-0.00577
2724	14.615	-3.36486E-4	-0.00554
2725	14.62	-3.09366E-4	-0.00531
2726	14.625	-2.83413E-4	-0.00507
2727	14.63	-2.58627E-4	-0.00484
2728	14.635	-2.35011E-4	-0.00461
2729	14.64	-2.12568E-4	-0.00437
2730	14.645	-1.91299E-4	-0.00414
2731	14.65	-1.71207E-4	-0.0039
2732	14.655	-1.52295E-4	-0.00366
2733	14.66	-1.34564E-4	-0.00343
2734	14.665	-1.18017E-4	-0.00319
2735	14.67	-1.02656E-4	-0.00295
2736	14.675	-8.84824E-5	-0.00272
2737	14.68	-7.54995E-5	-0.00248
2738	14.685	-6.37091E-5	-0.00224
2739	14.69	-5.31124E-5	-0.002
2740	14.695	-4.37063E-5	-0.00176
2741	14.7	-3.54762E-5	-0.00153
2742	14.705	-2.83899E-5	-0.00131
2743	14.71	-2.23951E-5	-0.0011
2744	14.715	-1.74209E-5	-9.01319E-4
2745	14.72	-1.33819E-5	-7.23849E-4
2746	14.725	-1.01824E-5	-5.66017E-4
2747	14.73	-7.7217E-6	-2.46073E-4
2748	14.735	-7.7217E-6	-5.04933E-4
2749	14.74	-2.67237E-6	-5.04933E-4
2750	14.745	-2.67237E-6	0
2751	14.75	-2.67237E-6	0
2752	14.755	-2.67237E-6	0
2753	14.76	-2.67237E-6	0
2754	14.765	-2.67237E-6	0
2755	14.77	-2.67237E-6	0
2756	14.775	-2.67237E-6	-2.67237E-4
2757	14.78	0	-2.67237E-4
2758	14.785	0	0
2759	14.79	0	0
2760	14.795	0	0
2761	14.8	0	0
2762	14.805	0	0
2763	14.81	0	0
2764	14.815	0	0
2765	14.82	0	0
2766	14.825	0	0
2767	14.83	0	0
2768	14.835	0	0
2769	14.84	0	0
2770	14.845	0	0
2771	14.85	0	0
2772	14.855	0	0
2773	14.86	0	0
2774	14.865	0	0
2775	14.87	0	0
2776	14.875	0	0
2777	14.88	0	0
2778	14.885	0	0
2779	14.89	0	0
2780	14.895	0	0
2781	14.9	0	0
2782	14.905	0	0
2783	14.91	0	0
2784	14.915	0	0
2785	14.92	0	0
2786	14.925	0	0
2787	14.93	0	0
2788	14.935	0	0
2789	14.94	0	0
2790	14.945	0	0
2791	14.95	0	0
2792	14.955	0	0
2793	14.96	0	0
2794	14.965	0	0
2795	14.97	0	0
2796	14.975	0	0
2797	14.98	0	0
2798	14.985	0	0
2799	14.99	0	0
2800	14.995	0	0
2801	15	0	0
