BOCS
N 2801

1	1	623.12944	999.20511
2	1.005	618.13341	995.96417
3	1.01	613.1698	989.48522
4	1.015	608.23856	983.0124
5	1.02	603.33967	976.54622
6	1.025	598.4731	970.08705
7	1.03	593.6388	963.63511
8	1.035	588.83675	957.19057
9	1.04	584.0669	950.75349
10	1.045	579.32921	944.32391
11	1.05	574.62366	937.9018
12	1.055	569.9502	931.48709
13	1.06	565.30879	925.07971
14	1.065	560.6994	918.67952
15	1.07	556.12199	912.28638
16	1.075	551.57653	905.90012
17	1.08	547.06299	899.52054
18	1.085	542.58133	893.14742
19	1.09	538.13152	886.78046
20	1.095	533.71352	880.41938
21	1.1	529.32732	874.0638
22	1.105	524.97289	867.71331
23	1.11	520.65019	861.36743
24	1.115	516.35921	855.02559
25	1.12	512.09993	848.68716
26	1.125	507.87234	842.35138
27	1.13	503.67642	836.0174
28	1.135	499.51217	829.68424
29	1.14	495.37958	823.35075
30	1.145	491.27866	817.01564
31	1.15	487.20942	810.67737
32	1.155	483.17189	804.33421
33	1.16	479.16608	797.98411
34	1.165	475.19204	791.62468
35	1.17	471.24983	785.25311
36	1.175	467.33951	778.86607
37	1.18	463.46117	772.4596
38	1.185	459.61492	766.02897
39	1.19	455.80088	759.56855
40	1.195	452.01923	753.07176
41	1.2	448.27017	746.53116
42	1.205	444.55392	739.93915
43	1.21	440.87077	733.28977
44	1.215	437.22102	726.58319
45	1.22	433.60494	719.83518
46	1.225	430.02267	713.09453
47	1.23	426.474	706.46627
48	1.235	422.95801	700.11228
49	1.24	419.47287	694.23803
50	1.245	416.01563	688.60328
51	1.25	412.58684	682.93496
52	1.255	409.18628	677.31329
53	1.26	405.81371	671.7379
54	1.265	402.4689	666.20841
55	1.27	399.15162	660.72443
56	1.275	395.86166	655.28559
57	1.28	392.59877	649.89153
58	1.285	389.36274	644.54186
59	1.29	386.15335	639.23624
60	1.295	382.97038	633.97428
61	1.3	379.81361	628.75565
62	1.305	376.68282	623.57996
63	1.31	373.57781	618.44689
64	1.315	370.49835	613.35606
65	1.32	367.44425	608.30715
66	1.325	364.41528	603.29979
67	1.33	361.41125	598.33365
68	1.335	358.43194	593.40839
69	1.34	355.47716	588.52368
70	1.345	352.54671	583.67917
71	1.35	349.64037	578.87454
72	1.355	346.75796	574.10946
73	1.36	343.89928	569.38361
74	1.365	341.06413	564.69666
75	1.37	338.25231	560.04829
76	1.375	335.46364	555.43818
77	1.38	332.69793	550.86602
78	1.385	329.95498	546.3315
79	1.39	327.23461	541.8343
80	1.395	324.53664	537.37412
81	1.4	321.86087	532.95066
82	1.405	319.20713	528.56361
83	1.41	316.57524	524.21267
84	1.415	313.96501	519.89755
85	1.42	311.37626	515.61795
86	1.425	308.80883	511.37357
87	1.43	306.26253	507.16414
88	1.435	303.73719	502.98935
89	1.44	301.23263	498.84893
90	1.445	298.7487	494.7426
91	1.45	296.28521	490.67006
92	1.455	293.842	486.63105
93	1.46	291.4189	482.62528
94	1.465	289.01574	478.65249
95	1.47	286.63237	474.71241
96	1.475	284.26862	470.80475
97	1.48	281.92432	466.92926
98	1.485	279.59933	463.08568
99	1.49	277.29347	459.27373
100	1.495	275.00659	455.49316
101	1.5	272.73854	451.74371
102	1.505	270.48915	448.02512
103	1.51	268.25828	444.33715
104	1.515	266.04578	440.67953
105	1.52	263.85149	437.05202
106	1.525	261.67526	433.45437
107	1.53	259.51694	429.88634
108	1.535	257.3764	426.34768
109	1.54	255.25347	422.83814
110	1.545	253.14802	419.3575
111	1.55	251.05989	415.9055
112	1.555	248.98896	412.48192
113	1.56	246.93507	409.08653
114	1.565	244.89809	405.71908
115	1.57	242.87788	402.37935
116	1.575	240.8743	399.06712
117	1.58	238.88721	395.78215
118	1.585	236.91648	392.52422
119	1.59	234.96197	389.2931
120	1.595	233.02355	386.08859
121	1.6	231.10108	382.91045
122	1.605	229.19444	379.75848
123	1.61	227.3035	376.63245
124	1.615	225.42812	373.53215
125	1.62	223.56818	370.45737
126	1.625	221.72355	367.40791
127	1.63	219.8941	364.38354
128	1.635	218.07971	361.38407
129	1.64	216.28026	358.4093
130	1.645	214.49562	355.459
131	1.65	212.72567	352.533
132	1.655	210.97029	349.63108
133	1.66	209.22936	346.75305
134	1.665	207.50276	343.89871
135	1.67	205.79037	341.06786
136	1.675	204.09208	338.26032
137	1.68	202.40777	335.47589
138	1.685	200.73732	332.71437
139	1.69	199.08062	329.97559
140	1.695	197.43756	327.25936
141	1.7	195.80803	324.56548
142	1.705	194.19191	321.89378
143	1.71	192.58909	319.24407
144	1.715	190.99947	316.61617
145	1.72	189.42293	314.00991
146	1.725	187.85937	311.4251
147	1.73	186.30868	308.86156
148	1.735	184.77075	306.31913
149	1.74	183.24549	303.79762
150	1.745	181.73278	301.29688
151	1.75	180.23252	298.81671
152	1.755	178.74461	296.35696
153	1.76	177.26895	293.91747
154	1.765	175.80544	291.49805
155	1.77	174.35397	289.09854
156	1.775	172.91445	286.71879
157	1.78	171.48678	284.35863
158	1.785	170.07086	282.0179
159	1.79	168.6666	279.69643
160	1.795	167.2739	277.39408
161	1.8	165.89266	275.11067
162	1.805	164.52279	272.84606
163	1.81	163.1642	270.6001
164	1.815	161.81679	268.37262
165	1.82	160.48047	266.16348
166	1.825	159.15516	263.97252
167	1.83	157.84075	261.79959
168	1.835	156.53716	259.64456
169	1.84	155.2443	257.50726
170	1.845	153.96209	255.38756
171	1.85	152.69043	253.2853
172	1.855	151.42924	251.20035
173	1.86	150.17842	249.13257
174	1.865	148.93791	247.0818
175	1.87	147.70761	245.04792
176	1.875	146.48743	243.03077
177	1.88	145.2773	241.03023
178	1.885	144.07713	239.04616
179	1.89	142.88684	237.07843
180	1.895	141.70634	235.12688
181	1.9	140.53557	233.19141
182	1.905	139.37443	231.27186
183	1.91	138.22285	229.36812
184	1.915	137.08075	227.48005
185	1.92	135.94805	225.60752
186	1.925	134.82467	223.7504
187	1.93	133.71055	221.90857
188	1.935	132.60559	220.0819
189	1.94	131.50973	218.27027
190	1.945	130.42289	216.47355
191	1.95	129.34499	214.69162
192	1.955	128.27597	212.92436
193	1.96	127.21575	211.17165
194	1.965	126.16425	209.43336
195	1.97	125.12141	207.70939
196	1.975	124.08716	205.9996
197	1.98	123.06142	204.30389
198	1.985	122.04412	202.62213
199	1.99	121.0352	200.95423
200	1.995	120.03458	199.30005
201	2	119.0422	197.65948
202	2.005	118.05798	196.03242
203	2.01	117.08187	194.41876
204	2.015	116.1138	192.81838
205	2.02	115.15369	191.23117
206	2.025	114.20148	189.65702
207	2.03	113.25712	188.09584
208	2.035	112.32053	186.5475
209	2.04	111.39164	185.01191
210	2.045	110.47041	183.48897
211	2.05	109.55675	181.97855
212	2.055	108.65062	180.48057
213	2.06	107.75195	178.99492
214	2.065	106.86067	177.52151
215	2.07	105.97673	176.06022
216	2.075	105.10007	174.61095
217	2.08	104.23062	173.17362
218	2.085	103.36833	171.74812
219	2.09	102.51314	170.33435
220	2.095	101.66499	168.93223
221	2.1	100.82382	167.54164
222	2.105	99.98957	166.1625
223	2.11	99.16219	164.79471
224	2.115	98.34163	163.43818
225	2.12	97.52781	162.09282
226	2.125	96.7207	160.75853
227	2.13	95.92023	159.43523
228	2.135	95.12635	158.12282
229	2.14	94.339	156.82121
230	2.145	93.55813	155.53032
231	2.15	92.7837	154.25005
232	2.155	92.01563	152.98032
233	2.16	91.25389	151.72104
234	2.165	90.49842	150.47213
235	2.17	89.74917	149.2335
236	2.175	89.00609	148.00507
237	2.18	88.26912	146.78675
238	2.185	87.53822	145.57845
239	2.19	86.81334	144.38011
240	2.195	86.09442	143.19162
241	2.2	85.38142	142.01292
242	2.205	84.67429	140.84393
243	2.21	83.97298	139.68455
244	2.215	83.27744	138.53472
245	2.22	82.58763	137.39436
246	2.225	81.9035	136.26338
247	2.23	81.225	135.14171
248	2.235	80.55208	134.02927
249	2.24	79.88471	132.92599
250	2.245	79.22282	131.8318
251	2.25	78.56639	130.74661
252	2.255	77.91536	129.67035
253	2.26	77.26969	128.60295
254	2.265	76.62933	127.54434
255	2.27	75.99424	126.49444
256	2.275	75.36438	125.45319
257	2.28	74.73971	124.4205
258	2.285	74.12018	123.39632
259	2.29	73.50575	122.38057
260	2.295	72.89637	121.37318
261	2.3	72.29201	120.37408
262	2.305	71.69263	119.3832
263	2.31	71.09818	118.40049
264	2.315	70.50863	117.42586
265	2.32	69.92392	116.45925
266	2.325	69.34403	115.5006
267	2.33	68.76892	114.54985
268	2.335	68.19854	113.60691
269	2.34	67.63285	112.67174
270	2.345	67.07182	111.74427
271	2.35	66.51541	110.82444
272	2.355	65.96357	109.91217
273	2.36	65.41628	109.00741
274	2.365	64.8735	108.11011
275	2.37	64.33518	107.22018
276	2.375	63.8013	106.33759
277	2.38	63.27181	105.46226
278	2.385	62.74668	104.59413
279	2.39	62.22587	103.73315
280	2.395	61.70934	102.87926
281	2.4	61.19707	102.0324
282	2.405	60.68902	101.1925
283	2.41	60.18515	100.35952
284	2.415	59.68542	99.5334
285	2.42	59.18981	98.71408
286	2.425	58.69828	97.9015
287	2.43	58.2108	97.09561
288	2.435	57.72733	96.29636
289	2.44	57.24784	95.50368
290	2.445	56.77229	94.71753
291	2.45	56.30066	93.93785
292	2.455	55.83291	93.16459
293	2.46	55.36901	92.3977
294	2.465	54.90894	91.63711
295	2.47	54.45264	90.88279
296	2.475	54.00011	90.13468
297	2.48	53.5513	89.39272
298	2.485	53.10618	88.65688
299	2.49	52.66473	87.92709
300	2.495	52.22691	87.2033
301	2.5	51.7927	86.48548
302	2.505	51.36205	85.77356
303	2.51	50.93496	85.06751
304	2.515	50.51138	84.36726
305	2.52	50.09129	83.67278
306	2.525	49.67465	82.98402
307	2.53	49.26145	82.30093
308	2.535	48.85164	81.62346
309	2.54	48.44521	80.95156
310	2.545	48.04213	80.2852
311	2.55	47.64236	79.62432
312	2.555	47.24588	78.96888
313	2.56	46.85267	78.31884
314	2.565	46.4627	77.67415
315	2.57	46.07593	77.03477
316	2.575	45.69235	76.40064
317	2.58	45.31192	75.77174
318	2.585	44.93463	75.14802
319	2.59	44.56044	74.52943
320	2.595	44.18934	73.91593
321	2.6	43.82128	73.30748
322	2.605	43.45626	72.70404
323	2.61	43.09424	72.10557
324	2.615	42.73521	71.51202
325	2.62	42.37912	70.92336
326	2.625	42.02597	70.33955
327	2.63	41.67573	69.76054
328	2.635	41.32837	69.1863
329	2.64	40.98386	68.61678
330	2.645	40.6422	68.05195
331	2.65	40.30335	67.49178
332	2.655	39.96728	66.93621
333	2.66	39.63398	66.38521
334	2.665	39.30343	65.83876
335	2.67	38.9756	65.2968
336	2.675	38.65046	64.7593
337	2.68	38.328	64.22622
338	2.685	38.0082	63.69754
339	2.69	37.69103	63.1732
340	2.695	37.37647	62.65318
341	2.7	37.0645	62.13745
342	2.705	36.75509	61.62596
343	2.71	36.44824	61.11867
344	2.715	36.14391	60.61557
345	2.72	35.84208	60.1166
346	2.725	35.54274	59.62175
347	2.73	35.24586	59.13096
348	2.735	34.95143	58.64422
349	2.74	34.65942	58.16148
350	2.745	34.36981	57.68272
351	2.75	34.08259	57.20789
352	2.755	33.79774	56.73698
353	2.76	33.51522	56.26994
354	2.765	33.23504	55.80675
355	2.77	32.95716	55.34737
356	2.775	32.68156	54.89177
357	2.78	32.40824	54.43992
358	2.785	32.13716	53.99179
359	2.79	31.86832	53.54735
360	2.795	31.60169	53.10657
361	2.8	31.33725	52.66942
362	2.805	31.075	52.23586
363	2.81	30.8149	51.80588
364	2.815	30.55694	51.37943
365	2.82	30.3011	50.95649
366	2.825	30.04737	50.53704
367	2.83	29.79573	50.12104
368	2.835	29.54616	49.70846
369	2.84	29.29865	49.29928
370	2.845	29.05317	48.89346
371	2.85	28.80971	48.49099
372	2.855	28.56826	48.09183
373	2.86	28.32879	47.69596
374	2.865	28.0913	47.30334
375	2.87	27.85576	46.91396
376	2.875	27.62216	46.52778
377	2.88	27.39048	46.14478
378	2.885	27.16071	45.76494
379	2.89	26.93283	45.38822
380	2.895	26.70683	45.0146
381	2.9	26.48269	44.64405
382	2.905	26.26039	44.27656
383	2.91	26.03992	43.91209
384	2.915	25.82127	43.55062
385	2.92	25.60442	43.19213
386	2.925	25.38935	42.83659
387	2.93	25.17605	42.48398
388	2.935	24.96451	42.13426
389	2.94	24.75471	41.78743
390	2.945	24.54663	41.44345
391	2.95	24.34027	41.1023
392	2.955	24.13561	40.76397
393	2.96	23.93263	40.42841
394	2.965	23.73133	40.09562
395	2.97	23.53168	39.76557
396	2.975	23.33367	39.43823
397	2.98	23.13729	39.11359
398	2.985	22.94253	38.79162
399	2.99	22.74938	38.47231
400	2.995	22.55781	38.15562
401	3	22.36782	37.84153
402	3.005	22.1794	37.53004
403	3.01	21.99252	37.2211
404	3.015	21.80718	36.91471
405	3.02	21.62337	36.61085
406	3.025	21.44108	36.30948
407	3.03	21.26028	36.01059
408	3.035	21.08097	35.71417
409	3.04	20.90314	35.42018
410	3.045	20.72677	35.12862
411	3.05	20.55185	34.83945
412	3.055	20.37837	34.55266
413	3.06	20.20632	34.26824
414	3.065	20.03569	33.98616
415	3.07	19.86646	33.7064
416	3.075	19.69863	33.42894
417	3.08	19.53217	33.15376
418	3.085	19.36709	32.88085
419	3.09	19.20337	32.61019
420	3.095	19.04099	32.34176
421	3.1	18.87995	32.07553
422	3.105	18.72023	31.8115
423	3.11	18.56183	31.54964
424	3.115	18.40474	31.28993
425	3.12	18.24893	31.03236
426	3.125	18.09441	30.77692
427	3.13	17.94116	30.52357
428	3.135	17.78918	30.27231
429	3.14	17.63844	30.02312
430	3.145	17.48895	29.77599
431	3.15	17.34068	29.53088
432	3.155	17.19364	29.28779
433	3.16	17.0478	29.04671
434	3.165	16.90317	28.80761
435	3.17	16.75973	28.57047
436	3.175	16.61747	28.33529
437	3.18	16.47637	28.10205
438	3.185	16.33644	27.87072
439	3.19	16.19767	27.6413
440	3.195	16.06003	27.41377
441	3.2	15.92353	27.18811
442	3.205	15.78815	26.9643
443	3.21	15.65389	26.74234
444	3.215	15.52073	26.52221
445	3.22	15.38866	26.30389
446	3.225	15.25769	26.08737
447	3.23	15.12779	25.87262
448	3.235	14.99896	25.65965
449	3.24	14.87119	25.44843
450	3.245	14.74448	25.23895
451	3.25	14.6188	25.03119
452	3.255	14.49417	24.82514
453	3.26	14.37055	24.62079
454	3.265	14.24796	24.41812
455	3.27	14.12637	24.21712
456	3.275	14.00579	24.01778
457	3.28	13.88619	23.82007
458	3.285	13.76759	23.62399
459	3.29	13.64995	23.42953
460	3.295	13.53329	23.23667
461	3.3	13.41759	23.04539
462	3.305	13.30284	22.85569
463	3.31	13.18903	22.66755
464	3.315	13.07616	22.48096
465	3.32	12.96422	22.2959
466	3.325	12.8532	22.11237
467	3.33	12.7431	21.93035
468	3.335	12.6339	21.74983
469	3.34	12.5256	21.57079
470	3.345	12.41819	21.39323
471	3.35	12.31167	21.21713
472	3.355	12.20602	21.04248
473	3.36	12.10124	20.86926
474	3.365	11.99733	20.69748
475	3.37	11.89427	20.5271
476	3.375	11.79206	20.35813
477	3.38	11.69069	20.19055
478	3.385	11.59015	20.02435
479	3.39	11.49044	19.85952
480	3.395	11.39156	19.69604
481	3.4	11.29348	19.53391
482	3.405	11.19622	19.37311
483	3.41	11.09975	19.21364
484	3.415	11.00408	19.05548
485	3.42	10.9092	18.89862
486	3.425	10.81509	18.74306
487	3.43	10.72177	18.58877
488	3.435	10.62921	18.43576
489	3.44	10.53741	18.284
490	3.445	10.44637	18.13349
491	3.45	10.35607	17.98422
492	3.455	10.26652	17.83619
493	3.46	10.17771	17.68936
494	3.465	10.08963	17.54375
495	3.47	10.00227	17.39934
496	3.475	9.91564	17.25611
497	3.48	9.82971	17.11407
498	3.485	9.7445	16.97319
499	3.49	9.65998	16.83347
500	3.495	9.57616	16.69491
501	3.5	9.49303	16.55748
502	3.505	9.41059	16.42119
503	3.51	9.32882	16.28601
504	3.515	9.24773	16.15195
505	3.52	9.1673	16.019
506	3.525	9.08754	15.88713
507	3.53	9.00843	15.75636
508	3.535	8.92997	15.62666
509	3.54	8.85216	15.49802
510	3.545	8.77499	15.37045
511	3.55	8.69846	15.24393
512	3.555	8.62255	15.11844
513	3.56	8.54727	14.99399
514	3.565	8.47261	14.87057
515	3.57	8.39857	14.74816
516	3.575	8.32513	14.62676
517	3.58	8.2523	14.50636
518	3.585	8.18007	14.38695
519	3.59	8.10843	14.26852
520	3.595	8.03738	14.15106
521	3.6	7.96692	14.03458
522	3.605	7.89704	13.91905
523	3.61	7.82773	13.80447
524	3.615	7.75899	13.69084
525	3.62	7.69082	13.57814
526	3.625	7.62321	13.46637
527	3.63	7.55616	13.35552
528	3.635	7.48966	13.24559
529	3.64	7.4237	13.13655
530	3.645	7.35829	13.02842
531	3.65	7.29342	12.92117
532	3.655	7.22908	12.81481
533	3.66	7.16527	12.70932
534	3.665	7.10199	12.60471
535	3.67	7.03922	12.50095
536	3.675	6.97698	12.39805
537	3.68	6.91524	12.29599
538	3.685	6.85402	12.19477
539	3.69	6.79329	12.09439
540	3.695	6.73307	11.99483
541	3.7	6.67335	11.8961
542	3.705	6.61411	11.79817
543	3.71	6.55536	11.70105
544	3.715	6.4971	11.60474
545	3.72	6.43932	11.50921
546	3.725	6.38201	11.41447
547	3.73	6.32517	11.32051
548	3.735	6.2688	11.22732
549	3.74	6.2129	11.13491
550	3.745	6.15745	11.04325
551	3.75	6.10247	10.95234
552	3.755	6.04793	10.86219
553	3.76	5.99384	10.77277
554	3.765	5.9402	10.6841
555	3.77	5.887	10.59615
556	3.775	5.83424	10.50893
557	3.78	5.78191	10.42242
558	3.785	5.73002	10.33663
559	3.79	5.67855	10.25154
560	3.795	5.6275	10.16715
561	3.8	5.57688	10.08346
562	3.805	5.52667	10.00046
563	3.81	5.47687	9.91814
564	3.815	5.42749	9.83649
565	3.82	5.37851	9.75552
566	3.825	5.32993	9.67522
567	3.83	5.28175	9.59558
568	3.835	5.23398	9.51659
569	3.84	5.18659	9.43825
570	3.845	5.13959	9.36056
571	3.85	5.09298	9.28351
572	3.855	5.04676	9.20709
573	3.86	5.00091	9.1313
574	3.865	4.95544	9.05614
575	3.87	4.91035	8.98159
576	3.875	4.86563	8.90766
577	3.88	4.82127	8.83433
578	3.885	4.77729	8.76161
579	3.89	4.73366	8.68949
580	3.895	4.69039	8.61796
581	3.9	4.64748	8.54702
582	3.905	4.60492	8.47666
583	3.91	4.56271	8.40689
584	3.915	4.52085	8.33768
585	3.92	4.47934	8.26905
586	3.925	4.43816	8.20098
587	3.93	4.39733	8.13348
588	3.935	4.35683	8.06653
589	3.94	4.31666	8.00012
590	3.945	4.27682	7.93427
591	3.95	4.23732	7.86896
592	3.955	4.19814	7.80418
593	3.96	4.15928	7.73994
594	3.965	4.12074	7.67623
595	3.97	4.08251	7.61304
596	3.975	4.04461	7.55038
597	3.98	4.00701	7.48822
598	3.985	3.96972	7.42658
599	3.99	3.93274	7.36545
600	3.995	3.89607	7.30482
601	4	3.8597	7.24469
602	4.005	3.82362	7.18505
603	4.01	3.78785	7.12591
604	4.015	3.75236	7.06725
605	4.02	3.71717	7.00908
606	4.025	3.68227	6.95138
607	4.03	3.64766	6.89416
608	4.035	3.61333	6.83741
609	4.04	3.57928	6.78113
610	4.045	3.54552	6.72531
611	4.05	3.51203	6.66995
612	4.055	3.47882	6.61504
613	4.06	3.44588	6.56059
614	4.065	3.41321	6.50659
615	4.07	3.38082	6.45303
616	4.075	3.34868	6.39991
617	4.08	3.31682	6.34723
618	4.085	3.28521	6.29498
619	4.09	3.25387	6.24316
620	4.095	3.22278	6.19177
621	4.1	3.19195	6.1408
622	4.105	3.16137	6.09025
623	4.11	3.13105	6.04012
624	4.115	3.10097	5.9904
625	4.12	3.07114	5.94109
626	4.125	3.04156	5.89218
627	4.13	3.01222	5.84368
628	4.135	2.98312	5.79558
629	4.14	2.95426	5.74787
630	4.145	2.92564	5.70056
631	4.15	2.89726	5.65363
632	4.155	2.86911	5.60709
633	4.16	2.84119	5.56094
634	4.165	2.8135	5.51516
635	4.17	2.78604	5.46976
636	4.175	2.7588	5.42474
637	4.18	2.73179	5.38008
638	4.185	2.705	5.3358
639	4.19	2.67843	5.29187
640	4.195	2.65208	5.24831
641	4.2	2.62595	5.20511
642	4.205	2.60003	5.16226
643	4.21	2.57433	5.11977
644	4.215	2.54883	5.07763
645	4.22	2.52355	5.03583
646	4.225	2.49847	4.99438
647	4.23	2.47361	4.95326
648	4.235	2.44894	4.91249
649	4.24	2.42448	4.87205
650	4.245	2.40022	4.83195
651	4.25	2.37616	4.79217
652	4.255	2.3523	4.75273
653	4.26	2.32863	4.7136
654	4.265	2.30516	4.6748
655	4.27	2.28189	4.63632
656	4.275	2.2588	4.59816
657	4.28	2.2359	4.56031
658	4.285	2.2132	4.52277
659	4.29	2.19068	4.48554
660	4.295	2.16834	4.44862
661	4.3	2.14619	4.412
662	4.305	2.12422	4.37568
663	4.31	2.10243	4.33966
664	4.315	2.08082	4.30394
665	4.32	2.05939	4.26851
666	4.325	2.03814	4.23337
667	4.33	2.01706	4.19852
668	4.335	1.99615	4.16396
669	4.34	1.97542	4.12969
670	4.345	1.95486	4.09569
671	4.35	1.93446	4.06198
672	4.355	1.91424	4.02854
673	4.36	1.89418	3.99538
674	4.365	1.87428	3.96249
675	4.37	1.85455	3.92987
676	4.375	1.83499	3.89753
677	4.38	1.81558	3.86544
678	4.385	1.79633	3.83362
679	4.39	1.77724	3.80207
680	4.395	1.75831	3.77077
681	4.4	1.73953	3.73973
682	4.405	1.72091	3.70895
683	4.41	1.70244	3.67842
684	4.415	1.68413	3.64814
685	4.42	1.66596	3.61811
686	4.425	1.64795	3.58832
687	4.43	1.63008	3.55879
688	4.435	1.61236	3.52949
689	4.44	1.59479	3.50044
690	4.445	1.57736	3.47162
691	4.45	1.56007	3.44305
692	4.455	1.54293	3.4147
693	4.46	1.52592	3.3866
694	4.465	1.50906	3.35872
695	4.47	1.49233	3.33107
696	4.475	1.47575	3.30365
697	4.48	1.4593	3.27646
698	4.485	1.44298	3.24949
699	4.49	1.4268	3.22274
700	4.495	1.41076	3.19621
701	4.5	1.39484	3.1699
702	4.505	1.37906	3.14381
703	4.51	1.3634	3.11793
704	4.515	1.34788	3.09226
705	4.52	1.33248	3.06681
706	4.525	1.31721	3.04156
707	4.53	1.30207	3.01652
708	4.535	1.28704	2.99169
709	4.54	1.27215	2.96707
710	4.545	1.25737	2.94264
711	4.55	1.24272	2.91842
712	4.555	1.22819	2.8944
713	4.56	1.21378	2.87057
714	4.565	1.19948	2.84694
715	4.57	1.18531	2.82351
716	4.575	1.17125	2.80027
717	4.58	1.15731	2.77721
718	4.585	1.14348	2.75435
719	4.59	1.12976	2.73168
720	4.595	1.11616	2.70919
721	4.6	1.10267	2.68689
722	4.605	1.08929	2.66478
723	4.61	1.07602	2.64284
724	4.615	1.06286	2.62109
725	4.62	1.04981	2.59951
726	4.625	1.03687	2.57811
727	4.63	1.02403	2.55689
728	4.635	1.0113	2.53584
729	4.64	0.99867	2.51497
730	4.645	0.98615	2.49427
731	4.65	0.97373	2.47373
732	4.655	0.96141	2.45337
733	4.66	0.9492	2.43318
734	4.665	0.93708	2.41315
735	4.67	0.92506	2.39328
736	4.675	0.91315	2.37358
737	4.68	0.90133	2.35404
738	4.685	0.88961	2.33467
739	4.69	0.87798	2.31545
740	4.695	0.86645	2.29639
741	4.7	0.85502	2.27749
742	4.705	0.84368	2.25874
743	4.71	0.83243	2.24014
744	4.715	0.82128	2.2217
745	4.72	0.81021	2.20342
746	4.725	0.79924	2.18528
747	4.73	0.78836	2.16729
748	4.735	0.77757	2.14945
749	4.74	0.76687	2.13176
750	4.745	0.75625	2.11421
751	4.75	0.74572	2.09681
752	4.755	0.73528	2.07955
753	4.76	0.72493	2.06243
754	4.765	0.71466	2.04545
755	4.77	0.70447	2.02861
756	4.775	0.69437	2.01191
757	4.78	0.68435	1.99535
758	4.785	0.67442	1.97893
759	4.79	0.66457	1.96264
760	4.795	0.65479	1.94648
761	4.8	0.6451	1.93046
762	4.805	0.63549	1.91457
763	4.81	0.62596	1.89881
764	4.815	0.6165	1.88318
765	4.82	0.60712	1.86768
766	4.825	0.59782	1.8523
767	4.83	0.5886	1.83706
768	4.835	0.57945	1.82193
769	4.84	0.57038	1.80694
770	4.845	0.56138	1.79206
771	4.85	0.55246	1.77731
772	4.855	0.54361	1.76268
773	4.86	0.53483	1.74817
774	4.865	0.52613	1.73378
775	4.87	0.5175	1.71951
776	4.875	0.50893	1.70535
777	4.88	0.50044	1.69132
778	4.885	0.49202	1.67739
779	4.89	0.48367	1.66359
780	4.895	0.47538	1.64989
781	4.9	0.46717	1.63631
782	4.905	0.45902	1.62284
783	4.91	0.45094	1.60948
784	4.915	0.44293	1.59623
785	4.92	0.43498	1.58309
786	4.925	0.4271	1.57006
787	4.93	0.41928	1.55714
788	4.935	0.41152	1.54432
789	4.94	0.40383	1.53161
790	4.945	0.39621	1.519
791	4.95	0.38864	1.5065
792	4.955	0.38114	1.4941
793	4.96	0.3737	1.4818
794	4.965	0.36633	1.4696
795	4.97	0.35901	1.4575
796	4.975	0.35175	1.44551
797	4.98	0.34455	1.43361
798	4.985	0.33741	1.42181
799	4.99	0.33033	1.4101
800	4.995	0.32331	1.39849
801	5	0.31635	1.38698
802	5.005	0.30944	1.37557
803	5.01	0.30259	1.36424
804	5.015	0.2958	1.35301
805	5.02	0.28906	1.34187
806	5.025	0.28238	1.33083
807	5.03	0.27576	1.31987
808	5.035	0.26918	1.30901
809	5.04	0.26267	1.29823
810	5.045	0.2562	1.28755
811	5.05	0.24979	1.27695
812	5.055	0.24343	1.26644
813	5.06	0.23713	1.256
814	5.065	0.23087	1.24563
815	5.07	0.22467	1.23533
816	5.075	0.21852	1.22509
817	5.08	0.21242	1.21492
818	5.085	0.20637	1.20483
819	5.09	0.20037	1.19482
820	5.095	0.19442	1.18491
821	5.1	0.18852	1.1751
822	5.105	0.18267	1.1654
823	5.11	0.17687	1.15581
824	5.115	0.17111	1.14633
825	5.12	0.1654	1.13696
826	5.125	0.15974	1.12771
827	5.13	0.15413	1.11856
828	5.135	0.14856	1.10952
829	5.14	0.14303	1.10058
830	5.145	0.13755	1.09173
831	5.15	0.13211	1.08297
832	5.155	0.12672	1.07429
833	5.16	0.12137	1.06568
834	5.165	0.11606	1.05715
835	5.17	0.1108	1.04867
836	5.175	0.10558	1.04025
837	5.18	0.1004	1.03188
838	5.185	0.09526	1.02356
839	5.19	0.09016	1.01527
840	5.195	0.08511	1.00702
841	5.2	0.08009	0.99881
842	5.205	0.07512	0.99063
843	5.21	0.07019	0.98248
844	5.215	0.06529	0.97435
845	5.22	0.06044	0.96626
846	5.225	0.05563	0.9582
847	5.23	0.05086	0.95017
848	5.235	0.04613	0.94218
849	5.24	0.04144	0.93422
850	5.245	0.03679	0.92629
851	5.25	0.03218	0.91841
852	5.255	0.0276	0.91057
853	5.26	0.02307	0.90278
854	5.265	0.01858	0.89504
855	5.27	0.01412	0.88735
856	5.275	0.0097	0.87971
857	5.28	0.00532	0.87214
858	5.285	9.80296E-4	0.86463
859	5.29	-0.00332	0.85718
860	5.295	-0.00759	0.8498
861	5.3	-0.01182	0.84249
862	5.305	-0.01602	0.83525
863	5.31	-0.02017	0.82808
864	5.315	-0.0243	0.82098
865	5.32	-0.02838	0.81395
866	5.325	-0.03244	0.80699
867	5.33	-0.03645	0.8001
868	5.335	-0.04044	0.79328
869	5.34	-0.04439	0.78654
870	5.345	-0.0483	0.77986
871	5.35	-0.05219	0.77326
872	5.355	-0.05604	0.76673
873	5.36	-0.05985	0.76028
874	5.365	-0.06364	0.7539
875	5.37	-0.06739	0.7476
876	5.375	-0.07111	0.74138
877	5.38	-0.07481	0.73523
878	5.385	-0.07847	0.72917
879	5.39	-0.0821	0.72319
880	5.395	-0.0857	0.71729
881	5.4	-0.08927	0.71148
882	5.405	-0.09281	0.70576
883	5.41	-0.09633	0.70012
884	5.415	-0.09981	0.69456
885	5.42	-0.10327	0.6891
886	5.425	-0.10671	0.68372
887	5.43	-0.11011	0.67843
888	5.435	-0.11349	0.67323
889	5.44	-0.11684	0.66811
890	5.445	-0.12017	0.66306
891	5.45	-0.12347	0.6581
892	5.455	-0.12675	0.65321
893	5.46	-0.13001	0.64839
894	5.465	-0.13324	0.64364
895	5.47	-0.13644	0.63894
896	5.475	-0.13963	0.63429
897	5.48	-0.14279	0.62968
898	5.485	-0.14592	0.62511
899	5.49	-0.14904	0.62056
900	5.495	-0.15213	0.61603
901	5.5	-0.1552	0.6115
902	5.505	-0.15824	0.60697
903	5.51	-0.16127	0.60244
904	5.515	-0.16427	0.59789
905	5.52	-0.16725	0.59331
906	5.525	-0.1702	0.58872
907	5.53	-0.17313	0.5841
908	5.535	-0.17604	0.57946
909	5.54	-0.17893	0.57481
910	5.545	-0.18179	0.57016
911	5.55	-0.18463	0.56553
912	5.555	-0.18744	0.56092
913	5.56	-0.19024	0.55629
914	5.565	-0.19301	0.5517
915	5.57	-0.19575	0.54716
916	5.575	-0.19848	0.5426
917	5.58	-0.20118	0.53806
918	5.585	-0.20386	0.53354
919	5.59	-0.20652	0.52903
920	5.595	-0.20915	0.52453
921	5.6	-0.21176	0.52005
922	5.605	-0.21435	0.51558
923	5.61	-0.21692	0.51113
924	5.615	-0.21946	0.5067
925	5.62	-0.22198	0.50228
926	5.625	-0.22448	0.49787
927	5.63	-0.22696	0.49348
928	5.635	-0.22942	0.4891
929	5.64	-0.23185	0.48474
930	5.645	-0.23427	0.48039
931	5.65	-0.23666	0.47606
932	5.655	-0.23903	0.47175
933	5.66	-0.24138	0.46744
934	5.665	-0.2437	0.46316
935	5.67	-0.24601	0.45888
936	5.675	-0.24829	0.45463
937	5.68	-0.25055	0.45038
938	5.685	-0.25279	0.44616
939	5.69	-0.25501	0.44194
940	5.695	-0.25721	0.43774
941	5.7	-0.25939	0.43356
942	5.705	-0.26155	0.42939
943	5.71	-0.26369	0.42524
944	5.715	-0.2658	0.4211
945	5.72	-0.2679	0.41697
946	5.725	-0.26997	0.41286
947	5.73	-0.27203	0.40877
948	5.735	-0.27406	0.40469
949	5.74	-0.27607	0.40062
950	5.745	-0.27807	0.39657
951	5.75	-0.28004	0.39254
952	5.755	-0.28199	0.38851
953	5.76	-0.28392	0.38451
954	5.765	-0.28584	0.38052
955	5.77	-0.28773	0.37654
956	5.775	-0.2896	0.37257
957	5.78	-0.29145	0.36863
958	5.785	-0.29329	0.36469
959	5.79	-0.2951	0.36077
960	5.795	-0.2969	0.35687
961	5.8	-0.29867	0.35298
962	5.805	-0.30043	0.3491
963	5.81	-0.30216	0.34524
964	5.815	-0.30388	0.34139
965	5.82	-0.30557	0.33756
966	5.825	-0.30725	0.33374
967	5.83	-0.30891	0.32994
968	5.835	-0.31055	0.32615
969	5.84	-0.31217	0.32238
970	5.845	-0.31378	0.31862
971	5.85	-0.31536	0.31487
972	5.855	-0.31693	0.31114
973	5.86	-0.31847	0.30743
974	5.865	-0.32	0.30372
975	5.87	-0.32151	0.30004
976	5.875	-0.323	0.29636
977	5.88	-0.32447	0.2927
978	5.885	-0.32593	0.28906
979	5.89	-0.32736	0.28543
980	5.895	-0.32878	0.28182
981	5.9	-0.33018	0.27821
982	5.905	-0.33156	0.27463
983	5.91	-0.33293	0.27106
984	5.915	-0.33427	0.2675
985	5.92	-0.3356	0.26395
986	5.925	-0.33691	0.26043
987	5.93	-0.33821	0.25691
988	5.935	-0.33948	0.25341
989	5.94	-0.34074	0.24992
990	5.945	-0.34198	0.24645
991	5.95	-0.34321	0.24299
992	5.955	-0.34441	0.23955
993	5.96	-0.3456	0.23612
994	5.965	-0.34677	0.23271
995	5.97	-0.34793	0.22931
996	5.975	-0.34907	0.22592
997	5.98	-0.35019	0.22255
998	5.985	-0.35129	0.21919
999	5.99	-0.35238	0.21585
1000	5.995	-0.35345	0.21252
1001	6	-0.3545	0.2092
1002	6.005	-0.35554	0.2059
1003	6.01	-0.35656	0.20261
1004	6.015	-0.35757	0.19934
1005	6.02	-0.35856	0.19608
1006	6.025	-0.35953	0.19284
1007	6.03	-0.36048	0.18961
1008	6.035	-0.36142	0.18639
1009	6.04	-0.36235	0.18319
1010	6.045	-0.36326	0.18
1011	6.05	-0.36415	0.17682
1012	6.055	-0.36502	0.17367
1013	6.06	-0.36589	0.17052
1014	6.065	-0.36673	0.16739
1015	6.07	-0.36756	0.16427
1016	6.075	-0.36837	0.16117
1017	6.08	-0.36917	0.15808
1018	6.085	-0.36995	0.155
1019	6.09	-0.37072	0.15194
1020	6.095	-0.37147	0.14889
1021	6.1	-0.37221	0.14586
1022	6.105	-0.37293	0.14284
1023	6.11	-0.37364	0.13983
1024	6.115	-0.37433	0.13684
1025	6.12	-0.37501	0.13387
1026	6.125	-0.37567	0.1309
1027	6.13	-0.37632	0.12795
1028	6.135	-0.37695	0.12502
1029	6.14	-0.37757	0.1221
1030	6.145	-0.37817	0.11919
1031	6.15	-0.37876	0.1163
1032	6.155	-0.37933	0.11342
1033	6.16	-0.37989	0.11055
1034	6.165	-0.38044	0.1077
1035	6.17	-0.38097	0.10486
1036	6.175	-0.38149	0.10204
1037	6.18	-0.38199	0.09923
1038	6.185	-0.38248	0.09643
1039	6.19	-0.38295	0.09365
1040	6.195	-0.38341	0.09088
1041	6.2	-0.38386	0.08813
1042	6.205	-0.3843	0.08539
1043	6.21	-0.38472	0.08266
1044	6.215	-0.38512	0.07995
1045	6.22	-0.38552	0.07725
1046	6.225	-0.3859	0.07456
1047	6.23	-0.38626	0.07189
1048	6.235	-0.38661	0.06923
1049	6.24	-0.38695	0.06659
1050	6.245	-0.38728	0.06396
1051	6.25	-0.38759	0.06134
1052	6.255	-0.38789	0.05874
1053	6.26	-0.38818	0.05615
1054	6.265	-0.38846	0.05358
1055	6.27	-0.38872	0.05102
1056	6.275	-0.38897	0.04847
1057	6.28	-0.3892	0.04594
1058	6.285	-0.38942	0.04342
1059	6.29	-0.38964	0.04091
1060	6.295	-0.38983	0.03842
1061	6.3	-0.39002	0.03594
1062	6.305	-0.39019	0.03348
1063	6.31	-0.39035	0.03103
1064	6.315	-0.3905	0.02859
1065	6.32	-0.39064	0.02617
1066	6.325	-0.39077	0.02376
1067	6.33	-0.39088	0.02136
1068	6.335	-0.39098	0.01898
1069	6.34	-0.39107	0.01661
1070	6.345	-0.39114	0.01426
1071	6.35	-0.39121	0.01192
1072	6.355	-0.39126	0.00959
1073	6.36	-0.39131	0.00728
1074	6.365	-0.39134	0.00498
1075	6.37	-0.39136	0.00269
1076	6.375	-0.39136	4.20067E-4
1077	6.38	-0.39136	-0.00184
1078	6.385	-0.39135	-0.00408
1079	6.39	-0.39132	-0.00631
1080	6.395	-0.39128	-0.00853
1081	6.4	-0.39123	-0.01074
1082	6.405	-0.39117	-0.01293
1083	6.41	-0.3911	-0.0151
1084	6.415	-0.39102	-0.01726
1085	6.42	-0.39093	-0.01941
1086	6.425	-0.39083	-0.02155
1087	6.43	-0.39072	-0.02367
1088	6.435	-0.39059	-0.02578
1089	6.44	-0.39046	-0.02787
1090	6.445	-0.39031	-0.02995
1091	6.45	-0.39016	-0.03202
1092	6.455	-0.38999	-0.03407
1093	6.46	-0.38982	-0.03611
1094	6.465	-0.38963	-0.03814
1095	6.47	-0.38944	-0.04015
1096	6.475	-0.38923	-0.04215
1097	6.48	-0.38902	-0.04413
1098	6.485	-0.38879	-0.0461
1099	6.49	-0.38855	-0.04806
1100	6.495	-0.38831	-0.05
1101	6.5	-0.38805	-0.05193
1102	6.505	-0.38779	-0.05385
1103	6.51	-0.38752	-0.05575
1104	6.515	-0.38723	-0.05764
1105	6.52	-0.38694	-0.05951
1106	6.525	-0.38664	-0.06137
1107	6.53	-0.38633	-0.06322
1108	6.535	-0.38601	-0.06506
1109	6.54	-0.38568	-0.06688
1110	6.545	-0.38534	-0.06868
1111	6.55	-0.38499	-0.07047
1112	6.555	-0.38463	-0.07225
1113	6.56	-0.38427	-0.07402
1114	6.565	-0.38389	-0.07577
1115	6.57	-0.38351	-0.07751
1116	6.575	-0.38312	-0.07923
1117	6.58	-0.38272	-0.08094
1118	6.585	-0.38231	-0.08264
1119	6.59	-0.38189	-0.08432
1120	6.595	-0.38146	-0.08599
1121	6.6	-0.38103	-0.08764
1122	6.605	-0.38059	-0.08928
1123	6.61	-0.38014	-0.09091
1124	6.615	-0.37968	-0.09252
1125	6.62	-0.37921	-0.09412
1126	6.625	-0.37874	-0.09571
1127	6.63	-0.37826	-0.09728
1128	6.635	-0.37776	-0.09884
1129	6.64	-0.37727	-0.10038
1130	6.645	-0.37676	-0.10191
1131	6.65	-0.37625	-0.10342
1132	6.655	-0.37573	-0.10493
1133	6.66	-0.3752	-0.10641
1134	6.665	-0.37466	-0.10789
1135	6.67	-0.37412	-0.10935
1136	6.675	-0.37357	-0.11079
1137	6.68	-0.37301	-0.11222
1138	6.685	-0.37245	-0.11364
1139	6.69	-0.37188	-0.11505
1140	6.695	-0.3713	-0.11644
1141	6.7	-0.37071	-0.11781
1142	6.705	-0.37012	-0.11917
1143	6.71	-0.36952	-0.12052
1144	6.715	-0.36891	-0.12185
1145	6.72	-0.3683	-0.12317
1146	6.725	-0.36768	-0.12447
1147	6.73	-0.36706	-0.12576
1148	6.735	-0.36642	-0.12704
1149	6.74	-0.36579	-0.1283
1150	6.745	-0.36514	-0.12955
1151	6.75	-0.36449	-0.13078
1152	6.755	-0.36383	-0.132
1153	6.76	-0.36317	-0.1332
1154	6.765	-0.3625	-0.13439
1155	6.77	-0.36183	-0.13557
1156	6.775	-0.36115	-0.13673
1157	6.78	-0.36046	-0.13787
1158	6.785	-0.35977	-0.139
1159	6.79	-0.35907	-0.14012
1160	6.795	-0.35837	-0.14122
1161	6.8	-0.35766	-0.14231
1162	6.805	-0.35694	-0.14338
1163	6.81	-0.35622	-0.14444
1164	6.815	-0.3555	-0.14548
1165	6.82	-0.35477	-0.14651
1166	6.825	-0.35403	-0.14752
1167	6.83	-0.35329	-0.14852
1168	6.835	-0.35255	-0.1495
1169	6.84	-0.3518	-0.15047
1170	6.845	-0.35104	-0.15142
1171	6.85	-0.35028	-0.15235
1172	6.855	-0.34952	-0.15327
1173	6.86	-0.34875	-0.15418
1174	6.865	-0.34798	-0.15507
1175	6.87	-0.3472	-0.15594
1176	6.875	-0.34642	-0.1568
1177	6.88	-0.34563	-0.15765
1178	6.885	-0.34484	-0.15847
1179	6.89	-0.34405	-0.15929
1180	6.895	-0.34325	-0.16008
1181	6.9	-0.34245	-0.16086
1182	6.905	-0.34164	-0.16163
1183	6.91	-0.34083	-0.16237
1184	6.915	-0.34002	-0.1631
1185	6.92	-0.3392	-0.16382
1186	6.925	-0.33838	-0.16452
1187	6.93	-0.33755	-0.1652
1188	6.935	-0.33673	-0.16586
1189	6.94	-0.3359	-0.16651
1190	6.945	-0.33506	-0.16714
1191	6.95	-0.33422	-0.16776
1192	6.955	-0.33338	-0.16836
1193	6.96	-0.33254	-0.16894
1194	6.965	-0.33169	-0.1695
1195	6.97	-0.33085	-0.17005
1196	6.975	-0.32999	-0.17058
1197	6.98	-0.32914	-0.17109
1198	6.985	-0.32828	-0.17158
1199	6.99	-0.32742	-0.17206
1200	6.995	-0.32656	-0.17252
1201	7	-0.3257	-0.17296
1202	7.005	-0.32483	-0.17338
1203	7.01	-0.32396	-0.17378
1204	7.015	-0.32309	-0.17416
1205	7.02	-0.32222	-0.17453
1206	7.025	-0.32135	-0.17488
1207	7.03	-0.32047	-0.17521
1208	7.035	-0.3196	-0.17552
1209	7.04	-0.31872	-0.17581
1210	7.045	-0.31784	-0.17608
1211	7.05	-0.31696	-0.17633
1212	7.055	-0.31608	-0.17657
1213	7.06	-0.31519	-0.17678
1214	7.065	-0.31431	-0.17698
1215	7.07	-0.31342	-0.17715
1216	7.075	-0.31254	-0.17731
1217	7.08	-0.31165	-0.17744
1218	7.085	-0.31076	-0.17756
1219	7.09	-0.30987	-0.17765
1220	7.095	-0.30899	-0.17773
1221	7.1	-0.3081	-0.17779
1222	7.105	-0.30721	-0.17782
1223	7.11	-0.30632	-0.17784
1224	7.115	-0.30543	-0.17784
1225	7.12	-0.30454	-0.17781
1226	7.125	-0.30365	-0.17777
1227	7.13	-0.30276	-0.17771
1228	7.135	-0.30187	-0.17762
1229	7.14	-0.30099	-0.17752
1230	7.145	-0.3001	-0.1774
1231	7.15	-0.29921	-0.17726
1232	7.155	-0.29833	-0.1771
1233	7.16	-0.29744	-0.17693
1234	7.165	-0.29656	-0.17673
1235	7.17	-0.29567	-0.17652
1236	7.175	-0.29479	-0.17629
1237	7.18	-0.29391	-0.17605
1238	7.185	-0.29303	-0.17579
1239	7.19	-0.29215	-0.17551
1240	7.195	-0.29128	-0.17522
1241	7.2	-0.2904	-0.17491
1242	7.205	-0.28953	-0.17459
1243	7.21	-0.28866	-0.17426
1244	7.215	-0.28778	-0.17392
1245	7.22	-0.28692	-0.17356
1246	7.225	-0.28605	-0.1732
1247	7.23	-0.28518	-0.17282
1248	7.235	-0.28432	-0.17244
1249	7.24	-0.28346	-0.17206
1250	7.245	-0.2826	-0.1717
1251	7.25	-0.28174	-0.17135
1252	7.255	-0.28089	-0.17099
1253	7.26	-0.28003	-0.17063
1254	7.265	-0.27918	-0.17027
1255	7.27	-0.27833	-0.1699
1256	7.275	-0.27748	-0.16952
1257	7.28	-0.27663	-0.16914
1258	7.285	-0.27579	-0.16876
1259	7.29	-0.27495	-0.16837
1260	7.295	-0.27411	-0.16798
1261	7.3	-0.27327	-0.16758
1262	7.305	-0.27243	-0.16718
1263	7.31	-0.2716	-0.16677
1264	7.315	-0.27076	-0.16636
1265	7.32	-0.26993	-0.16594
1266	7.325	-0.2691	-0.16553
1267	7.33	-0.26828	-0.1651
1268	7.335	-0.26745	-0.16468
1269	7.34	-0.26663	-0.16425
1270	7.345	-0.26581	-0.16382
1271	7.35	-0.26499	-0.16338
1272	7.355	-0.26418	-0.16294
1273	7.36	-0.26336	-0.1625
1274	7.365	-0.26255	-0.16205
1275	7.37	-0.26174	-0.1616
1276	7.375	-0.26094	-0.16115
1277	7.38	-0.26013	-0.16069
1278	7.385	-0.25933	-0.16024
1279	7.39	-0.25853	-0.15977
1280	7.395	-0.25773	-0.15931
1281	7.4	-0.25694	-0.15885
1282	7.405	-0.25614	-0.15838
1283	7.41	-0.25535	-0.1579
1284	7.415	-0.25456	-0.15743
1285	7.42	-0.25378	-0.15695
1286	7.425	-0.25299	-0.15647
1287	7.43	-0.25221	-0.15599
1288	7.435	-0.25143	-0.1555
1289	7.44	-0.25066	-0.15501
1290	7.445	-0.24988	-0.15452
1291	7.45	-0.24911	-0.15403
1292	7.455	-0.24834	-0.15353
1293	7.46	-0.24758	-0.15303
1294	7.465	-0.24681	-0.15252
1295	7.47	-0.24605	-0.15201
1296	7.475	-0.24529	-0.1515
1297	7.48	-0.24454	-0.15099
1298	7.485	-0.24378	-0.15047
1299	7.49	-0.24303	-0.14994
1300	7.495	-0.24228	-0.14942
1301	7.5	-0.24154	-0.14889
1302	7.505	-0.24079	-0.14836
1303	7.51	-0.24005	-0.14782
1304	7.515	-0.23932	-0.14728
1305	7.52	-0.23858	-0.14674
1306	7.525	-0.23785	-0.14619
1307	7.53	-0.23712	-0.14564
1308	7.535	-0.23639	-0.14509
1309	7.54	-0.23567	-0.14453
1310	7.545	-0.23495	-0.14397
1311	7.55	-0.23423	-0.1434
1312	7.555	-0.23351	-0.14283
1313	7.56	-0.2328	-0.14226
1314	7.565	-0.23209	-0.14169
1315	7.57	-0.23138	-0.14111
1316	7.575	-0.23068	-0.14052
1317	7.58	-0.22998	-0.13993
1318	7.585	-0.22928	-0.13934
1319	7.59	-0.22859	-0.13875
1320	7.595	-0.22789	-0.13815
1321	7.6	-0.2272	-0.13755
1322	7.605	-0.22652	-0.13694
1323	7.61	-0.22583	-0.13633
1324	7.615	-0.22515	-0.13571
1325	7.62	-0.22448	-0.1351
1326	7.625	-0.2238	-0.13448
1327	7.63	-0.22313	-0.13385
1328	7.635	-0.22246	-0.13322
1329	7.64	-0.2218	-0.13259
1330	7.645	-0.22114	-0.13196
1331	7.65	-0.22048	-0.13132
1332	7.655	-0.21983	-0.13068
1333	7.66	-0.21917	-0.13003
1334	7.665	-0.21853	-0.12938
1335	7.67	-0.21788	-0.12873
1336	7.675	-0.21724	-0.12808
1337	7.68	-0.2166	-0.12743
1338	7.685	-0.21596	-0.12677
1339	7.69	-0.21533	-0.12611
1340	7.695	-0.2147	-0.12544
1341	7.7	-0.21408	-0.12478
1342	7.705	-0.21345	-0.12411
1343	7.71	-0.21284	-0.12344
1344	7.715	-0.21222	-0.12277
1345	7.72	-0.21161	-0.12209
1346	7.725	-0.211	-0.12141
1347	7.73	-0.21039	-0.12074
1348	7.735	-0.20979	-0.12006
1349	7.74	-0.20919	-0.11937
1350	7.745	-0.2086	-0.11869
1351	7.75	-0.20801	-0.11801
1352	7.755	-0.20742	-0.11732
1353	7.76	-0.20683	-0.11663
1354	7.765	-0.20625	-0.11595
1355	7.77	-0.20567	-0.11526
1356	7.775	-0.2051	-0.11457
1357	7.78	-0.20453	-0.11388
1358	7.785	-0.20396	-0.11318
1359	7.79	-0.2034	-0.11249
1360	7.795	-0.20284	-0.1118
1361	7.8	-0.20228	-0.1111
1362	7.805	-0.20172	-0.11041
1363	7.81	-0.20117	-0.10971
1364	7.815	-0.20063	-0.10902
1365	7.82	-0.20008	-0.10832
1366	7.825	-0.19954	-0.10762
1367	7.83	-0.19901	-0.10693
1368	7.835	-0.19848	-0.10623
1369	7.84	-0.19795	-0.10553
1370	7.845	-0.19742	-0.10483
1371	7.85	-0.1969	-0.10413
1372	7.855	-0.19638	-0.10343
1373	7.86	-0.19586	-0.10274
1374	7.865	-0.19535	-0.10204
1375	7.87	-0.19484	-0.10134
1376	7.875	-0.19434	-0.10064
1377	7.88	-0.19384	-0.09994
1378	7.885	-0.19334	-0.09924
1379	7.89	-0.19284	-0.09855
1380	7.895	-0.19235	-0.09785
1381	7.9	-0.19187	-0.09715
1382	7.905	-0.19138	-0.09646
1383	7.91	-0.1909	-0.09577
1384	7.915	-0.19042	-0.09507
1385	7.92	-0.18995	-0.09438
1386	7.925	-0.18948	-0.09369
1387	7.93	-0.18901	-0.093
1388	7.935	-0.18855	-0.09232
1389	7.94	-0.18809	-0.09163
1390	7.945	-0.18763	-0.09095
1391	7.95	-0.18718	-0.09026
1392	7.955	-0.18673	-0.08958
1393	7.96	-0.18628	-0.08891
1394	7.965	-0.18584	-0.08823
1395	7.97	-0.1854	-0.08756
1396	7.975	-0.18497	-0.08689
1397	7.98	-0.18453	-0.08622
1398	7.985	-0.1841	-0.08555
1399	7.99	-0.18368	-0.08489
1400	7.995	-0.18326	-0.08422
1401	8	-0.18284	-0.08356
1402	8.005	-0.18242	-0.08291
1403	8.01	-0.18201	-0.08225
1404	8.015	-0.1816	-0.0816
1405	8.02	-0.18119	-0.08095
1406	8.025	-0.18079	-0.0803
1407	8.03	-0.18039	-0.07966
1408	8.035	-0.17999	-0.07902
1409	8.04	-0.1796	-0.07838
1410	8.045	-0.17921	-0.07774
1411	8.05	-0.17882	-0.07711
1412	8.055	-0.17844	-0.07648
1413	8.06	-0.17806	-0.07585
1414	8.065	-0.17768	-0.07523
1415	8.07	-0.1773	-0.0746
1416	8.075	-0.17693	-0.07399
1417	8.08	-0.17656	-0.07337
1418	8.085	-0.1762	-0.07276
1419	8.09	-0.17584	-0.07215
1420	8.095	-0.17548	-0.07154
1421	8.1	-0.17512	-0.07094
1422	8.105	-0.17477	-0.07034
1423	8.11	-0.17442	-0.06975
1424	8.115	-0.17407	-0.06915
1425	8.12	-0.17373	-0.06856
1426	8.125	-0.17338	-0.06798
1427	8.13	-0.17305	-0.0674
1428	8.135	-0.17271	-0.06682
1429	8.14	-0.17238	-0.06624
1430	8.145	-0.17205	-0.06567
1431	8.15	-0.17172	-0.0651
1432	8.155	-0.1714	-0.06454
1433	8.16	-0.17108	-0.06398
1434	8.165	-0.17076	-0.06342
1435	8.17	-0.17044	-0.06286
1436	8.175	-0.17013	-0.06231
1437	8.18	-0.16982	-0.06177
1438	8.185	-0.16951	-0.06122
1439	8.19	-0.16921	-0.06068
1440	8.195	-0.1689	-0.06015
1441	8.2	-0.1686	-0.05962
1442	8.205	-0.16831	-0.05909
1443	8.21	-0.16801	-0.05856
1444	8.215	-0.16772	-0.05804
1445	8.22	-0.16743	-0.05752
1446	8.225	-0.16715	-0.05701
1447	8.23	-0.16686	-0.0565
1448	8.235	-0.16658	-0.05599
1449	8.24	-0.1663	-0.05549
1450	8.245	-0.16603	-0.05499
1451	8.25	-0.16575	-0.05449
1452	8.255	-0.16548	-0.054
1453	8.26	-0.16521	-0.05351
1454	8.265	-0.16495	-0.05303
1455	8.27	-0.16468	-0.05255
1456	8.275	-0.16442	-0.05207
1457	8.28	-0.16416	-0.0516
1458	8.285	-0.16391	-0.05113
1459	8.29	-0.16365	-0.05067
1460	8.295	-0.1634	-0.05021
1461	8.3	-0.16315	-0.04975
1462	8.305	-0.1629	-0.04929
1463	8.31	-0.16266	-0.04884
1464	8.315	-0.16241	-0.04839
1465	8.32	-0.16217	-0.04795
1466	8.325	-0.16193	-0.04751
1467	8.33	-0.1617	-0.04707
1468	8.335	-0.16146	-0.04664
1469	8.34	-0.16123	-0.04621
1470	8.345	-0.161	-0.04578
1471	8.35	-0.16077	-0.04536
1472	8.355	-0.16055	-0.04494
1473	8.36	-0.16032	-0.04452
1474	8.365	-0.1601	-0.04411
1475	8.37	-0.15988	-0.0437
1476	8.375	-0.15966	-0.04329
1477	8.38	-0.15945	-0.04288
1478	8.385	-0.15924	-0.04248
1479	8.39	-0.15902	-0.04208
1480	8.395	-0.15881	-0.04169
1481	8.4	-0.15861	-0.04129
1482	8.405	-0.1584	-0.0409
1483	8.41	-0.1582	-0.04052
1484	8.415	-0.158	-0.04013
1485	8.42	-0.1578	-0.03975
1486	8.425	-0.1576	-0.03937
1487	8.43	-0.1574	-0.039
1488	8.435	-0.15721	-0.03863
1489	8.44	-0.15702	-0.03826
1490	8.445	-0.15683	-0.03789
1491	8.45	-0.15664	-0.03753
1492	8.455	-0.15645	-0.03716
1493	8.46	-0.15627	-0.03681
1494	8.465	-0.15608	-0.03645
1495	8.47	-0.1559	-0.0361
1496	8.475	-0.15572	-0.03575
1497	8.48	-0.15554	-0.0354
1498	8.485	-0.15537	-0.03506
1499	8.49	-0.15519	-0.03471
1500	8.495	-0.15502	-0.03437
1501	8.5	-0.15485	-0.03404
1502	8.505	-0.15468	-0.0337
1503	8.51	-0.15451	-0.03337
1504	8.515	-0.15435	-0.03304
1505	8.52	-0.15418	-0.03271
1506	8.525	-0.15402	-0.03238
1507	8.53	-0.15386	-0.03206
1508	8.535	-0.1537	-0.03174
1509	8.54	-0.15354	-0.03142
1510	8.545	-0.15339	-0.0311
1511	8.55	-0.15323	-0.03079
1512	8.555	-0.15308	-0.03047
1513	8.56	-0.15293	-0.03016
1514	8.565	-0.15278	-0.02985
1515	8.57	-0.15263	-0.02955
1516	8.575	-0.15248	-0.02924
1517	8.58	-0.15233	-0.02894
1518	8.585	-0.15219	-0.02864
1519	8.59	-0.15205	-0.02834
1520	8.595	-0.15191	-0.02804
1521	8.6	-0.15177	-0.02774
1522	8.605	-0.15163	-0.02745
1523	8.61	-0.15149	-0.02716
1524	8.615	-0.15136	-0.02687
1525	8.62	-0.15122	-0.02658
1526	8.625	-0.15109	-0.02629
1527	8.63	-0.15096	-0.02601
1528	8.635	-0.15083	-0.02572
1529	8.64	-0.1507	-0.02544
1530	8.645	-0.15058	-0.02516
1531	8.65	-0.15045	-0.02488
1532	8.655	-0.15033	-0.02461
1533	8.66	-0.15021	-0.02433
1534	8.665	-0.15009	-0.02406
1535	8.67	-0.14997	-0.02378
1536	8.675	-0.14985	-0.02351
1537	8.68	-0.14973	-0.02324
1538	8.685	-0.14962	-0.02297
1539	8.69	-0.1495	-0.02271
1540	8.695	-0.14939	-0.02244
1541	8.7	-0.14928	-0.02218
1542	8.705	-0.14917	-0.02192
1543	8.71	-0.14906	-0.02166
1544	8.715	-0.14895	-0.0214
1545	8.72	-0.14884	-0.02114
1546	8.725	-0.14874	-0.02089
1547	8.73	-0.14864	-0.02063
1548	8.735	-0.14853	-0.02038
1549	8.74	-0.14843	-0.02013
1550	8.745	-0.14833	-0.01988
1551	8.75	-0.14823	-0.01963
1552	8.755	-0.14814	-0.01939
1553	8.76	-0.14804	-0.01915
1554	8.765	-0.14794	-0.0189
1555	8.77	-0.14785	-0.01866
1556	8.775	-0.14776	-0.01843
1557	8.78	-0.14767	-0.01819
1558	8.785	-0.14758	-0.01795
1559	8.79	-0.14749	-0.01772
1560	8.795	-0.1474	-0.01749
1561	8.8	-0.14731	-0.01726
1562	8.805	-0.14723	-0.01703
1563	8.81	-0.14714	-0.0168
1564	8.815	-0.14706	-0.01657
1565	8.82	-0.14697	-0.01635
1566	8.825	-0.14689	-0.01612
1567	8.83	-0.14681	-0.0159
1568	8.835	-0.14673	-0.01568
1569	8.84	-0.14666	-0.01546
1570	8.845	-0.14658	-0.01524
1571	8.85	-0.1465	-0.01502
1572	8.855	-0.14643	-0.0148
1573	8.86	-0.14636	-0.01459
1574	8.865	-0.14628	-0.01437
1575	8.87	-0.14621	-0.01416
1576	8.875	-0.14614	-0.01394
1577	8.88	-0.14607	-0.01373
1578	8.885	-0.14601	-0.01351
1579	8.89	-0.14594	-0.0133
1580	8.895	-0.14587	-0.01309
1581	8.9	-0.14581	-0.01288
1582	8.905	-0.14574	-0.01267
1583	8.91	-0.14568	-0.01246
1584	8.915	-0.14562	-0.01225
1585	8.92	-0.14556	-0.01204
1586	8.925	-0.1455	-0.01184
1587	8.93	-0.14544	-0.01163
1588	8.935	-0.14538	-0.01142
1589	8.94	-0.14533	-0.01122
1590	8.945	-0.14527	-0.01101
1591	8.95	-0.14522	-0.01081
1592	8.955	-0.14516	-0.0106
1593	8.96	-0.14511	-0.0104
1594	8.965	-0.14506	-0.01019
1595	8.97	-0.14501	-0.00999
1596	8.975	-0.14496	-0.00979
1597	8.98	-0.14491	-0.00958
1598	8.985	-0.14486	-0.00938
1599	8.99	-0.14482	-0.00918
1600	8.995	-0.14477	-0.00898
1601	9	-0.14473	-0.00877
1602	9.005	-0.14468	-0.00857
1603	9.01	-0.14464	-0.00837
1604	9.015	-0.1446	-0.00817
1605	9.02	-0.14456	-0.00797
1606	9.025	-0.14452	-0.00776
1607	9.03	-0.14448	-0.00756
1608	9.035	-0.14444	-0.00736
1609	9.04	-0.14441	-0.00716
1610	9.045	-0.14437	-0.00696
1611	9.05	-0.14434	-0.00676
1612	9.055	-0.1443	-0.00656
1613	9.06	-0.14427	-0.00635
1614	9.065	-0.14424	-0.00615
1615	9.07	-0.14421	-0.00595
1616	9.075	-0.14418	-0.00575
1617	9.08	-0.14415	-0.00555
1618	9.085	-0.14413	-0.00535
1619	9.09	-0.1441	-0.00515
1620	9.095	-0.14407	-0.00495
1621	9.1	-0.14405	-0.00475
1622	9.105	-0.14403	-0.00455
1623	9.11	-0.144	-0.00435
1624	9.115	-0.14398	-0.00415
1625	9.12	-0.14396	-0.00395
1626	9.125	-0.14394	-0.00376
1627	9.13	-0.14393	-0.00356
1628	9.135	-0.14391	-0.00336
1629	9.14	-0.14389	-0.00317
1630	9.145	-0.14388	-0.00297
1631	9.15	-0.14386	-0.00278
1632	9.155	-0.14385	-0.00258
1633	9.16	-0.14384	-0.00239
1634	9.165	-0.14382	-0.0022
1635	9.17	-0.14381	-0.00201
1636	9.175	-0.1438	-0.00181
1637	9.18	-0.1438	-0.00162
1638	9.185	-0.14379	-0.00143
1639	9.19	-0.14378	-0.00125
1640	9.195	-0.14378	-0.00106
1641	9.2	-0.14377	-8.72348E-4
1642	9.205	-0.14377	-6.86609E-4
1643	9.21	-0.14376	-5.0179E-4
1644	9.215	-0.14376	-3.17914E-4
1645	9.22	-0.14376	-1.35009E-4
1646	9.225	-0.14376	4.68914E-5
1647	9.23	-0.14376	2.27752E-4
1648	9.235	-0.14376	4.0753E-4
1649	9.24	-0.14377	5.86179E-4
1650	9.245	-0.14377	7.63649E-4
1651	9.25	-0.14377	9.39882E-4
1652	9.255	-0.14378	0.00111
1653	9.26	-0.14378	0.00129
1654	9.265	-0.14379	0.00146
1655	9.27	-0.1438	0.00163
1656	9.275	-0.14381	0.0018
1657	9.28	-0.14382	0.00197
1658	9.285	-0.14383	0.00213
1659	9.29	-0.14384	0.0023
1660	9.295	-0.14385	0.00246
1661	9.3	-0.14386	0.00262
1662	9.305	-0.14388	0.00278
1663	9.31	-0.14389	0.00293
1664	9.315	-0.14391	0.00309
1665	9.32	-0.14392	0.00324
1666	9.325	-0.14394	0.00339
1667	9.33	-0.14396	0.00354
1668	9.335	-0.14397	0.00368
1669	9.34	-0.14399	0.00383
1670	9.345	-0.14401	0.00397
1671	9.35	-0.14403	0.0041
1672	9.355	-0.14405	0.00424
1673	9.36	-0.14407	0.00437
1674	9.365	-0.1441	0.0045
1675	9.37	-0.14412	0.00463
1676	9.375	-0.14414	0.00476
1677	9.38	-0.14417	0.00488
1678	9.385	-0.14419	0.005
1679	9.39	-0.14422	0.00512
1680	9.395	-0.14424	0.00523
1681	9.4	-0.14427	0.00535
1682	9.405	-0.1443	0.00546
1683	9.41	-0.14432	0.00556
1684	9.415	-0.14435	0.00567
1685	9.42	-0.14438	0.00577
1686	9.425	-0.14441	0.00587
1687	9.43	-0.14444	0.00596
1688	9.435	-0.14447	0.00606
1689	9.44	-0.1445	0.00615
1690	9.445	-0.14453	0.00624
1691	9.45	-0.14456	0.00632
1692	9.455	-0.14459	0.0064
1693	9.46	-0.14463	0.00648
1694	9.465	-0.14466	0.00656
1695	9.47	-0.14469	0.00663
1696	9.475	-0.14473	0.0067
1697	9.48	-0.14476	0.00677
1698	9.485	-0.14479	0.00684
1699	9.49	-0.14483	0.0069
1700	9.495	-0.14486	0.00696
1701	9.5	-0.1449	0.00702
1702	9.505	-0.14493	0.00707
1703	9.51	-0.14497	0.00712
1704	9.515	-0.145	0.00717
1705	9.52	-0.14504	0.00722
1706	9.525	-0.14508	0.00727
1707	9.53	-0.14511	0.00731
1708	9.535	-0.14515	0.00735
1709	9.54	-0.14519	0.00739
1710	9.545	-0.14522	0.00742
1711	9.55	-0.14526	0.00745
1712	9.555	-0.1453	0.00748
1713	9.56	-0.14533	0.00751
1714	9.565	-0.14537	0.00753
1715	9.57	-0.14541	0.00756
1716	9.575	-0.14545	0.00758
1717	9.58	-0.14549	0.00759
1718	9.585	-0.14552	0.00761
1719	9.59	-0.14556	0.00762
1720	9.595	-0.1456	0.00763
1721	9.6	-0.14564	0.00764
1722	9.605	-0.14568	0.00765
1723	9.61	-0.14571	0.00765
1724	9.615	-0.14575	0.00765
1725	9.62	-0.14579	0.00765
1726	9.625	-0.14583	0.00765
1727	9.63	-0.14587	0.00764
1728	9.635	-0.14591	0.00764
1729	9.64	-0.14594	0.00763
1730	9.645	-0.14598	0.00762
1731	9.65	-0.14602	0.0076
1732	9.655	-0.14606	0.00759
1733	9.66	-0.1461	0.00757
1734	9.665	-0.14613	0.00756
1735	9.67	-0.14617	0.00754
1736	9.675	-0.14621	0.00752
1737	9.68	-0.14625	0.00749
1738	9.685	-0.14628	0.00747
1739	9.69	-0.14632	0.00744
1740	9.695	-0.14636	0.00742
1741	9.7	-0.1464	0.00739
1742	9.705	-0.14643	0.00736
1743	9.71	-0.14647	0.00733
1744	9.715	-0.14651	0.00729
1745	9.72	-0.14654	0.00726
1746	9.725	-0.14658	0.00722
1747	9.73	-0.14661	0.00719
1748	9.735	-0.14665	0.00715
1749	9.74	-0.14669	0.00711
1750	9.745	-0.14672	0.00707
1751	9.75	-0.14676	0.00703
1752	9.755	-0.14679	0.00699
1753	9.76	-0.14683	0.00695
1754	9.765	-0.14686	0.0069
1755	9.77	-0.1469	0.00686
1756	9.775	-0.14693	0.00682
1757	9.78	-0.14696	0.00677
1758	9.785	-0.147	0.00673
1759	9.79	-0.14703	0.00668
1760	9.795	-0.14706	0.00664
1761	9.8	-0.1471	0.00659
1762	9.805	-0.14713	0.00654
1763	9.81	-0.14716	0.00649
1764	9.815	-0.1472	0.00645
1765	9.82	-0.14723	0.0064
1766	9.825	-0.14726	0.00635
1767	9.83	-0.14729	0.0063
1768	9.835	-0.14732	0.00626
1769	9.84	-0.14735	0.00621
1770	9.845	-0.14738	0.00616
1771	9.85	-0.14741	0.00611
1772	9.855	-0.14745	0.00606
1773	9.86	-0.14748	0.00601
1774	9.865	-0.14751	0.00597
1775	9.87	-0.14754	0.00592
1776	9.875	-0.14756	0.00587
1777	9.88	-0.14759	0.00582
1778	9.885	-0.14762	0.00577
1779	9.89	-0.14765	0.00572
1780	9.895	-0.14768	0.00567
1781	9.9	-0.14771	0.00562
1782	9.905	-0.14774	0.00558
1783	9.91	-0.14776	0.00553
1784	9.915	-0.14779	0.00548
1785	9.92	-0.14782	0.00543
1786	9.925	-0.14785	0.00538
1787	9.93	-0.14787	0.00533
1788	9.935	-0.1479	0.00528
1789	9.94	-0.14793	0.00523
1790	9.945	-0.14795	0.00518
1791	9.95	-0.14798	0.00513
1792	9.955	-0.148	0.00508
1793	9.96	-0.14803	0.00502
1794	9.965	-0.14805	0.00497
1795	9.97	-0.14808	0.00492
1796	9.975	-0.1481	0.00487
1797	9.98	-0.14813	0.00481
1798	9.985	-0.14815	0.00476
1799	9.99	-0.14817	0.0047
1800	9.995	-0.1482	0.00465
1801	10	-0.14822	0.00459
1802	10.005	-0.14824	0.00453
1803	10.01	-0.14827	0.00447
1804	10.015	-0.14829	0.00442
1805	10.02	-0.14831	0.00436
1806	10.025	-0.14833	0.00429
1807	10.03	-0.14835	0.00423
1808	10.035	-0.14837	0.00417
1809	10.04	-0.14839	0.00411
1810	10.045	-0.14841	0.00404
1811	10.05	-0.14843	0.00398
1812	10.055	-0.14845	0.00391
1813	10.06	-0.14847	0.00385
1814	10.065	-0.14849	0.00378
1815	10.07	-0.14851	0.00371
1816	10.075	-0.14853	0.00364
1817	10.08	-0.14855	0.00357
1818	10.085	-0.14857	0.0035
1819	10.09	-0.14858	0.00343
1820	10.095	-0.1486	0.00335
1821	10.1	-0.14862	0.00328
1822	10.105	-0.14863	0.0032
1823	10.11	-0.14865	0.00312
1824	10.115	-0.14866	0.00305
1825	10.12	-0.14868	0.00297
1826	10.125	-0.14869	0.00289
1827	10.13	-0.14871	0.0028
1828	10.135	-0.14872	0.00272
1829	10.14	-0.14874	0.00264
1830	10.145	-0.14875	0.00255
1831	10.15	-0.14876	0.00247
1832	10.155	-0.14877	0.00238
1833	10.16	-0.14878	0.00229
1834	10.165	-0.1488	0.0022
1835	10.17	-0.14881	0.00211
1836	10.175	-0.14882	0.00202
1837	10.18	-0.14883	0.00192
1838	10.185	-0.14884	0.00183
1839	10.19	-0.14885	0.00173
1840	10.195	-0.14885	0.00164
1841	10.2	-0.14886	0.00154
1842	10.205	-0.14887	0.00144
1843	10.21	-0.14888	0.00133
1844	10.215	-0.14888	0.00123
1845	10.22	-0.14889	0.00113
1846	10.225	-0.14889	0.00102
1847	10.23	-0.1489	9.16361E-4
1848	10.235	-0.1489	8.08579E-4
1849	10.24	-0.14891	6.99575E-4
1850	10.245	-0.14891	5.89363E-4
1851	10.25	-0.14891	4.77959E-4
1852	10.255	-0.14891	3.65373E-4
1853	10.26	-0.14892	2.51617E-4
1854	10.265	-0.14892	1.36697E-4
1855	10.27	-0.14892	2.06201E-5
1856	10.275	-0.14892	-9.66102E-5
1857	10.28	-0.14892	-2.14991E-4
1858	10.285	-0.14891	-3.34521E-4
1859	10.29	-0.14891	-4.55199E-4
1860	10.295	-0.14891	-5.77025E-4
1861	10.3	-0.14891	-6.99998E-4
1862	10.305	-0.1489	-8.24117E-4
1863	10.31	-0.1489	-9.49384E-4
1864	10.315	-0.14889	-0.00108
1865	10.32	-0.14889	-0.0012
1866	10.325	-0.14888	-0.00133
1867	10.33	-0.14887	-0.00146
1868	10.335	-0.14887	-0.00159
1869	10.34	-0.14886	-0.00173
1870	10.345	-0.14885	-0.00186
1871	10.35	-0.14884	-0.00199
1872	10.355	-0.14883	-0.00213
1873	10.36	-0.14882	-0.00227
1874	10.365	-0.14881	-0.0024
1875	10.37	-0.1488	-0.00254
1876	10.375	-0.14878	-0.00268
1877	10.38	-0.14877	-0.00283
1878	10.385	-0.14875	-0.00297
1879	10.39	-0.14874	-0.00311
1880	10.395	-0.14872	-0.00326
1881	10.4	-0.14871	-0.00341
1882	10.405	-0.14869	-0.00356
1883	10.41	-0.14867	-0.00371
1884	10.415	-0.14865	-0.00386
1885	10.42	-0.14863	-0.00401
1886	10.425	-0.14861	-0.00417
1887	10.43	-0.14859	-0.00432
1888	10.435	-0.14857	-0.00448
1889	10.44	-0.14855	-0.00464
1890	10.445	-0.14852	-0.0048
1891	10.45	-0.1485	-0.00497
1892	10.455	-0.14847	-0.00513
1893	10.46	-0.14845	-0.0053
1894	10.465	-0.14842	-0.00547
1895	10.47	-0.14839	-0.00564
1896	10.475	-0.14836	-0.00581
1897	10.48	-0.14833	-0.00598
1898	10.485	-0.1483	-0.00616
1899	10.49	-0.14827	-0.00633
1900	10.495	-0.14824	-0.00651
1901	10.5	-0.14821	-0.00669
1902	10.505	-0.14817	-0.00687
1903	10.51	-0.14814	-0.00706
1904	10.515	-0.1481	-0.00725
1905	10.52	-0.14807	-0.00743
1906	10.525	-0.14803	-0.00762
1907	10.53	-0.14799	-0.00782
1908	10.535	-0.14795	-0.00801
1909	10.54	-0.14791	-0.00821
1910	10.545	-0.14787	-0.0084
1911	10.55	-0.14782	-0.0086
1912	10.555	-0.14778	-0.00881
1913	10.56	-0.14774	-0.00901
1914	10.565	-0.14769	-0.00922
1915	10.57	-0.14764	-0.00943
1916	10.575	-0.1476	-0.00964
1917	10.58	-0.14755	-0.00985
1918	10.585	-0.1475	-0.01007
1919	10.59	-0.14745	-0.01029
1920	10.595	-0.1474	-0.01051
1921	10.6	-0.14734	-0.01073
1922	10.605	-0.14729	-0.01096
1923	10.61	-0.14723	-0.01119
1924	10.615	-0.14718	-0.01142
1925	10.62	-0.14712	-0.01165
1926	10.625	-0.14706	-0.01189
1927	10.63	-0.147	-0.01213
1928	10.635	-0.14694	-0.01238
1929	10.64	-0.14688	-0.01262
1930	10.645	-0.14681	-0.01287
1931	10.65	-0.14675	-0.01312
1932	10.655	-0.14668	-0.01338
1933	10.66	-0.14661	-0.01364
1934	10.665	-0.14654	-0.0139
1935	10.67	-0.14647	-0.01416
1936	10.675	-0.1464	-0.01443
1937	10.68	-0.14633	-0.0147
1938	10.685	-0.14626	-0.01497
1939	10.69	-0.14618	-0.01525
1940	10.695	-0.1461	-0.01553
1941	10.7	-0.14603	-0.01581
1942	10.705	-0.14595	-0.0161
1943	10.71	-0.14586	-0.01639
1944	10.715	-0.14578	-0.01668
1945	10.72	-0.1457	-0.01698
1946	10.725	-0.14561	-0.01727
1947	10.73	-0.14552	-0.01758
1948	10.735	-0.14544	-0.01788
1949	10.74	-0.14535	-0.01819
1950	10.745	-0.14525	-0.0185
1951	10.75	-0.14516	-0.01882
1952	10.755	-0.14507	-0.01914
1953	10.76	-0.14497	-0.01946
1954	10.765	-0.14487	-0.01979
1955	10.77	-0.14477	-0.02011
1956	10.775	-0.14467	-0.02045
1957	10.78	-0.14457	-0.02078
1958	10.785	-0.14446	-0.02112
1959	10.79	-0.14436	-0.02146
1960	10.795	-0.14425	-0.02181
1961	10.8	-0.14414	-0.02215
1962	10.805	-0.14403	-0.0225
1963	10.81	-0.14391	-0.02286
1964	10.815	-0.1438	-0.02322
1965	10.82	-0.14368	-0.02358
1966	10.825	-0.14356	-0.02394
1967	10.83	-0.14344	-0.02431
1968	10.835	-0.14332	-0.02468
1969	10.84	-0.14319	-0.02505
1970	10.845	-0.14307	-0.02543
1971	10.85	-0.14294	-0.02581
1972	10.855	-0.14281	-0.02619
1973	10.86	-0.14268	-0.02657
1974	10.865	-0.14254	-0.02696
1975	10.87	-0.14241	-0.02735
1976	10.875	-0.14227	-0.02775
1977	10.88	-0.14213	-0.02814
1978	10.885	-0.14199	-0.02854
1979	10.89	-0.14185	-0.02894
1980	10.895	-0.1417	-0.02935
1981	10.9	-0.14155	-0.02975
1982	10.905	-0.1414	-0.03016
1983	10.91	-0.14125	-0.03057
1984	10.915	-0.1411	-0.03099
1985	10.92	-0.14094	-0.0314
1986	10.925	-0.14078	-0.03182
1987	10.93	-0.14062	-0.03224
1988	10.935	-0.14046	-0.03266
1989	10.94	-0.1403	-0.03309
1990	10.945	-0.14013	-0.03351
1991	10.95	-0.13996	-0.03394
1992	10.955	-0.13979	-0.03437
1993	10.96	-0.13962	-0.0348
1994	10.965	-0.13944	-0.03523
1995	10.97	-0.13927	-0.03567
1996	10.975	-0.13909	-0.0361
1997	10.98	-0.1389	-0.03654
1998	10.985	-0.13872	-0.03697
1999	10.99	-0.13853	-0.03741
2000	10.995	-0.13835	-0.03785
2001	11	-0.13816	-0.0383
2002	11.005	-0.13796	-0.03874
2003	11.01	-0.13777	-0.03918
2004	11.015	-0.13757	-0.03962
2005	11.02	-0.13737	-0.04007
2006	11.025	-0.13717	-0.04052
2007	11.03	-0.13697	-0.04096
2008	11.035	-0.13676	-0.04141
2009	11.04	-0.13655	-0.04186
2010	11.045	-0.13634	-0.0423
2011	11.05	-0.13613	-0.04275
2012	11.055	-0.13592	-0.0432
2013	11.06	-0.1357	-0.04365
2014	11.065	-0.13548	-0.0441
2015	11.07	-0.13526	-0.04455
2016	11.075	-0.13503	-0.045
2017	11.08	-0.13481	-0.04545
2018	11.085	-0.13458	-0.0459
2019	11.09	-0.13435	-0.04635
2020	11.095	-0.13412	-0.04679
2021	11.1	-0.13388	-0.04724
2022	11.105	-0.13364	-0.04769
2023	11.11	-0.1334	-0.04814
2024	11.115	-0.13316	-0.04859
2025	11.12	-0.13292	-0.04903
2026	11.125	-0.13267	-0.04948
2027	11.13	-0.13242	-0.04993
2028	11.135	-0.13217	-0.05037
2029	11.14	-0.13192	-0.05082
2030	11.145	-0.13166	-0.05126
2031	11.15	-0.13141	-0.0517
2032	11.155	-0.13115	-0.05214
2033	11.16	-0.13088	-0.05258
2034	11.165	-0.13062	-0.05302
2035	11.17	-0.13035	-0.05346
2036	11.175	-0.13009	-0.0539
2037	11.18	-0.12982	-0.05433
2038	11.185	-0.12954	-0.05477
2039	11.19	-0.12927	-0.0552
2040	11.195	-0.12899	-0.05563
2041	11.2	-0.12871	-0.05606
2042	11.205	-0.12843	-0.05649
2043	11.21	-0.12815	-0.05692
2044	11.215	-0.12786	-0.05734
2045	11.22	-0.12757	-0.05777
2046	11.225	-0.12728	-0.05819
2047	11.23	-0.12699	-0.05861
2048	11.235	-0.1267	-0.05903
2049	11.24	-0.1264	-0.05945
2050	11.245	-0.1261	-0.05986
2051	11.25	-0.1258	-0.06027
2052	11.255	-0.1255	-0.06069
2053	11.26	-0.1252	-0.0611
2054	11.265	-0.12489	-0.0615
2055	11.27	-0.12458	-0.06191
2056	11.275	-0.12427	-0.06231
2057	11.28	-0.12396	-0.06271
2058	11.285	-0.12364	-0.06311
2059	11.29	-0.12333	-0.06351
2060	11.295	-0.12301	-0.06391
2061	11.3	-0.12269	-0.0643
2062	11.305	-0.12236	-0.06469
2063	11.31	-0.12204	-0.06508
2064	11.315	-0.12171	-0.06546
2065	11.32	-0.12139	-0.06585
2066	11.325	-0.12106	-0.06623
2067	11.33	-0.12072	-0.06661
2068	11.335	-0.12039	-0.06698
2069	11.34	-0.12005	-0.06736
2070	11.345	-0.11972	-0.06773
2071	11.35	-0.11938	-0.0681
2072	11.355	-0.11903	-0.06846
2073	11.36	-0.11869	-0.06883
2074	11.365	-0.11835	-0.06919
2075	11.37	-0.118	-0.06955
2076	11.375	-0.11765	-0.0699
2077	11.38	-0.1173	-0.07026
2078	11.385	-0.11695	-0.07061
2079	11.39	-0.11659	-0.07095
2080	11.395	-0.11624	-0.0713
2081	11.4	-0.11588	-0.07164
2082	11.405	-0.11552	-0.07198
2083	11.41	-0.11516	-0.07231
2084	11.415	-0.1148	-0.07265
2085	11.42	-0.11444	-0.07298
2086	11.425	-0.11407	-0.07331
2087	11.43	-0.1137	-0.07363
2088	11.435	-0.11333	-0.07395
2089	11.44	-0.11296	-0.07427
2090	11.445	-0.11259	-0.07459
2091	11.45	-0.11222	-0.0749
2092	11.455	-0.11184	-0.07521
2093	11.46	-0.11146	-0.07552
2094	11.465	-0.11109	-0.07582
2095	11.47	-0.11071	-0.07612
2096	11.475	-0.11033	-0.07642
2097	11.48	-0.10994	-0.07672
2098	11.485	-0.10956	-0.07701
2099	11.49	-0.10917	-0.0773
2100	11.495	-0.10879	-0.07758
2101	11.5	-0.1084	-0.07786
2102	11.505	-0.10801	-0.07814
2103	11.51	-0.10761	-0.07842
2104	11.515	-0.10722	-0.07869
2105	11.52	-0.10683	-0.07896
2106	11.525	-0.10643	-0.07923
2107	11.53	-0.10604	-0.07949
2108	11.535	-0.10564	-0.07975
2109	11.54	-0.10524	-0.08001
2110	11.545	-0.10484	-0.08026
2111	11.55	-0.10444	-0.08051
2112	11.555	-0.10403	-0.08076
2113	11.56	-0.10363	-0.081
2114	11.565	-0.10322	-0.08124
2115	11.57	-0.10282	-0.08148
2116	11.575	-0.10241	-0.08171
2117	11.58	-0.102	-0.08194
2118	11.585	-0.10159	-0.08217
2119	11.59	-0.10118	-0.08239
2120	11.595	-0.10076	-0.08261
2121	11.6	-0.10035	-0.08283
2122	11.605	-0.09994	-0.08304
2123	11.61	-0.09952	-0.08325
2124	11.615	-0.0991	-0.08346
2125	11.62	-0.09869	-0.08366
2126	11.625	-0.09827	-0.08386
2127	11.63	-0.09785	-0.08405
2128	11.635	-0.09743	-0.08425
2129	11.64	-0.097	-0.08443
2130	11.645	-0.09658	-0.08462
2131	11.65	-0.09616	-0.0848
2132	11.655	-0.09573	-0.08498
2133	11.66	-0.09531	-0.08515
2134	11.665	-0.09488	-0.08532
2135	11.67	-0.09446	-0.08549
2136	11.675	-0.09403	-0.08566
2137	11.68	-0.0936	-0.08582
2138	11.685	-0.09317	-0.08597
2139	11.69	-0.09274	-0.08613
2140	11.695	-0.09231	-0.08628
2141	11.7	-0.09188	-0.08642
2142	11.705	-0.09144	-0.08656
2143	11.71	-0.09101	-0.0867
2144	11.715	-0.09058	-0.08684
2145	11.72	-0.09014	-0.08697
2146	11.725	-0.08971	-0.0871
2147	11.73	-0.08927	-0.08722
2148	11.735	-0.08883	-0.08734
2149	11.74	-0.0884	-0.08746
2150	11.745	-0.08796	-0.08757
2151	11.75	-0.08752	-0.08768
2152	11.755	-0.08708	-0.08779
2153	11.76	-0.08664	-0.08789
2154	11.765	-0.0862	-0.08799
2155	11.77	-0.08576	-0.08809
2156	11.775	-0.08532	-0.08818
2157	11.78	-0.08488	-0.08826
2158	11.785	-0.08444	-0.08835
2159	11.79	-0.084	-0.08843
2160	11.795	-0.08356	-0.0885
2161	11.8	-0.08311	-0.08857
2162	11.805	-0.08267	-0.08864
2163	11.81	-0.08223	-0.08871
2164	11.815	-0.08178	-0.08877
2165	11.82	-0.08134	-0.08883
2166	11.825	-0.0809	-0.08888
2167	11.83	-0.08045	-0.08893
2168	11.835	-0.08001	-0.08897
2169	11.84	-0.07956	-0.08902
2170	11.845	-0.07912	-0.08905
2171	11.85	-0.07867	-0.08909
2172	11.855	-0.07823	-0.08912
2173	11.86	-0.07778	-0.08915
2174	11.865	-0.07733	-0.08917
2175	11.87	-0.07689	-0.08919
2176	11.875	-0.07644	-0.08921
2177	11.88	-0.076	-0.08922
2178	11.885	-0.07555	-0.08923
2179	11.89	-0.0751	-0.08924
2180	11.895	-0.07466	-0.08924
2181	11.9	-0.07421	-0.08924
2182	11.905	-0.07376	-0.08923
2183	11.91	-0.07332	-0.08922
2184	11.915	-0.07287	-0.08921
2185	11.92	-0.07243	-0.0892
2186	11.925	-0.07198	-0.08918
2187	11.93	-0.07153	-0.08916
2188	11.935	-0.07109	-0.08913
2189	11.94	-0.07064	-0.0891
2190	11.945	-0.0702	-0.08907
2191	11.95	-0.06975	-0.08903
2192	11.955	-0.06931	-0.089
2193	11.96	-0.06886	-0.08895
2194	11.965	-0.06842	-0.08891
2195	11.97	-0.06797	-0.08886
2196	11.975	-0.06753	-0.08881
2197	11.98	-0.06709	-0.08876
2198	11.985	-0.06664	-0.0887
2199	11.99	-0.0662	-0.08864
2200	11.995	-0.06576	-0.08857
2201	12	-0.06531	-0.08851
2202	12.005	-0.06487	-0.08843
2203	12.01	-0.06443	-0.08836
2204	12.015	-0.06399	-0.08828
2205	12.02	-0.06355	-0.08821
2206	12.025	-0.06311	-0.08812
2207	12.03	-0.06266	-0.08804
2208	12.035	-0.06222	-0.08795
2209	12.04	-0.06179	-0.08786
2210	12.045	-0.06135	-0.08776
2211	12.05	-0.06091	-0.08766
2212	12.055	-0.06047	-0.08756
2213	12.06	-0.06003	-0.08745
2214	12.065	-0.05959	-0.08735
2215	12.07	-0.05916	-0.08724
2216	12.075	-0.05872	-0.08712
2217	12.08	-0.05829	-0.087
2218	12.085	-0.05785	-0.08688
2219	12.09	-0.05742	-0.08676
2220	12.095	-0.05699	-0.08663
2221	12.1	-0.05655	-0.0865
2222	12.105	-0.05612	-0.08636
2223	12.11	-0.05569	-0.08623
2224	12.115	-0.05526	-0.08609
2225	12.12	-0.05483	-0.08594
2226	12.125	-0.0544	-0.08579
2227	12.13	-0.05397	-0.08564
2228	12.135	-0.05354	-0.08549
2229	12.14	-0.05311	-0.08533
2230	12.145	-0.05269	-0.08517
2231	12.15	-0.05226	-0.085
2232	12.155	-0.05184	-0.08483
2233	12.16	-0.05141	-0.08466
2234	12.165	-0.05099	-0.08448
2235	12.17	-0.05057	-0.0843
2236	12.175	-0.05015	-0.08412
2237	12.18	-0.04973	-0.08393
2238	12.185	-0.04931	-0.08374
2239	12.19	-0.04889	-0.08355
2240	12.195	-0.04847	-0.08335
2241	12.2	-0.04806	-0.08315
2242	12.205	-0.04764	-0.08294
2243	12.21	-0.04723	-0.08274
2244	12.215	-0.04682	-0.08252
2245	12.22	-0.0464	-0.08231
2246	12.225	-0.04599	-0.08209
2247	12.23	-0.04558	-0.08186
2248	12.235	-0.04517	-0.08164
2249	12.24	-0.04477	-0.0814
2250	12.245	-0.04436	-0.08117
2251	12.25	-0.04395	-0.08093
2252	12.255	-0.04355	-0.08069
2253	12.26	-0.04315	-0.08044
2254	12.265	-0.04275	-0.08019
2255	12.27	-0.04235	-0.07993
2256	12.275	-0.04195	-0.07968
2257	12.28	-0.04155	-0.07941
2258	12.285	-0.04115	-0.07915
2259	12.29	-0.04076	-0.07888
2260	12.295	-0.04036	-0.0786
2261	12.3	-0.03997	-0.07832
2262	12.305	-0.03958	-0.07804
2263	12.31	-0.03919	-0.07776
2264	12.315	-0.0388	-0.07747
2265	12.32	-0.03842	-0.07717
2266	12.325	-0.03803	-0.07688
2267	12.33	-0.03765	-0.07657
2268	12.335	-0.03727	-0.07627
2269	12.34	-0.03688	-0.07596
2270	12.345	-0.03651	-0.07565
2271	12.35	-0.03613	-0.07533
2272	12.355	-0.03575	-0.07501
2273	12.36	-0.03538	-0.07469
2274	12.365	-0.03501	-0.07436
2275	12.37	-0.03463	-0.07403
2276	12.375	-0.03427	-0.07369
2277	12.38	-0.0339	-0.07335
2278	12.385	-0.03353	-0.07301
2279	12.39	-0.03317	-0.07267
2280	12.395	-0.03281	-0.07232
2281	12.4	-0.03244	-0.07197
2282	12.405	-0.03209	-0.07161
2283	12.41	-0.03173	-0.07125
2284	12.415	-0.03137	-0.07089
2285	12.42	-0.03102	-0.07053
2286	12.425	-0.03067	-0.07016
2287	12.43	-0.03032	-0.06979
2288	12.435	-0.02997	-0.06941
2289	12.44	-0.02962	-0.06903
2290	12.445	-0.02928	-0.06865
2291	12.45	-0.02894	-0.06827
2292	12.455	-0.0286	-0.06788
2293	12.46	-0.02826	-0.06749
2294	12.465	-0.02792	-0.0671
2295	12.47	-0.02759	-0.06671
2296	12.475	-0.02725	-0.06631
2297	12.48	-0.02692	-0.06591
2298	12.485	-0.0266	-0.06551
2299	12.49	-0.02627	-0.0651
2300	12.495	-0.02594	-0.06469
2301	12.5	-0.02562	-0.06428
2302	12.505	-0.0253	-0.06387
2303	12.51	-0.02498	-0.06346
2304	12.515	-0.02467	-0.06304
2305	12.52	-0.02435	-0.06262
2306	12.525	-0.02404	-0.0622
2307	12.53	-0.02373	-0.06178
2308	12.535	-0.02342	-0.06135
2309	12.54	-0.02312	-0.06092
2310	12.545	-0.02281	-0.06049
2311	12.55	-0.02251	-0.06006
2312	12.555	-0.02221	-0.05963
2313	12.56	-0.02192	-0.05919
2314	12.565	-0.02162	-0.05876
2315	12.57	-0.02133	-0.05832
2316	12.575	-0.02104	-0.05788
2317	12.58	-0.02075	-0.05743
2318	12.585	-0.02046	-0.05699
2319	12.59	-0.02018	-0.05654
2320	12.595	-0.0199	-0.0561
2321	12.6	-0.01962	-0.05565
2322	12.605	-0.01934	-0.0552
2323	12.61	-0.01907	-0.05475
2324	12.615	-0.01879	-0.05429
2325	12.62	-0.01852	-0.05384
2326	12.625	-0.01826	-0.05338
2327	12.63	-0.01799	-0.05293
2328	12.635	-0.01773	-0.05247
2329	12.64	-0.01747	-0.05201
2330	12.645	-0.01721	-0.05155
2331	12.65	-0.01695	-0.0511
2332	12.655	-0.0167	-0.05064
2333	12.66	-0.01644	-0.05017
2334	12.665	-0.01619	-0.04971
2335	12.67	-0.01595	-0.04925
2336	12.675	-0.0157	-0.04879
2337	12.68	-0.01546	-0.04833
2338	12.685	-0.01522	-0.04786
2339	12.69	-0.01498	-0.0474
2340	12.695	-0.01474	-0.04694
2341	12.7	-0.01451	-0.04647
2342	12.705	-0.01428	-0.04601
2343	12.71	-0.01405	-0.04555
2344	12.715	-0.01382	-0.04508
2345	12.72	-0.0136	-0.04462
2346	12.725	-0.01338	-0.04416
2347	12.73	-0.01316	-0.0437
2348	12.735	-0.01294	-0.04324
2349	12.74	-0.01273	-0.04278
2350	12.745	-0.01251	-0.04232
2351	12.75	-0.0123	-0.04187
2352	12.755	-0.01209	-0.04141
2353	12.76	-0.01189	-0.04095
2354	12.765	-0.01168	-0.04049
2355	12.77	-0.01148	-0.04004
2356	12.775	-0.01128	-0.03958
2357	12.78	-0.01109	-0.03913
2358	12.785	-0.01089	-0.03867
2359	12.79	-0.0107	-0.03822
2360	12.795	-0.01051	-0.03776
2361	12.8	-0.01032	-0.03731
2362	12.805	-0.01014	-0.03686
2363	12.81	-0.00995	-0.03641
2364	12.815	-0.00977	-0.03596
2365	12.82	-0.0096	-0.03551
2366	12.825	-0.00942	-0.03506
2367	12.83	-0.00924	-0.03461
2368	12.835	-0.00907	-0.03416
2369	12.84	-0.0089	-0.03372
2370	12.845	-0.00874	-0.03327
2371	12.85	-0.00857	-0.03283
2372	12.855	-0.00841	-0.03239
2373	12.86	-0.00825	-0.03195
2374	12.865	-0.00809	-0.03151
2375	12.87	-0.00793	-0.03107
2376	12.875	-0.00778	-0.03063
2377	12.88	-0.00762	-0.0302
2378	12.885	-0.00748	-0.02976
2379	12.89	-0.00733	-0.02933
2380	12.895	-0.00718	-0.0289
2381	12.9	-0.00704	-0.02847
2382	12.905	-0.0069	-0.02805
2383	12.91	-0.00676	-0.02762
2384	12.915	-0.00662	-0.0272
2385	12.92	-0.00649	-0.02678
2386	12.925	-0.00635	-0.02636
2387	12.93	-0.00622	-0.02594
2388	12.935	-0.00609	-0.02553
2389	12.94	-0.00597	-0.02511
2390	12.945	-0.00584	-0.02471
2391	12.95	-0.00572	-0.0243
2392	12.955	-0.0056	-0.0239
2393	12.96	-0.00548	-0.0235
2394	12.965	-0.00536	-0.0231
2395	12.97	-0.00525	-0.02271
2396	12.975	-0.00514	-0.02232
2397	12.98	-0.00503	-0.02193
2398	12.985	-0.00492	-0.02155
2399	12.99	-0.00481	-0.02117
2400	12.995	-0.00471	-0.0208
2401	13	-0.0046	-0.02043
2402	13.005	-0.0045	-0.02006
2403	13.01	-0.0044	-0.0197
2404	13.015	-0.00431	-0.01934
2405	13.02	-0.00421	-0.01899
2406	13.025	-0.00412	-0.01864
2407	13.03	-0.00402	-0.01829
2408	13.035	-0.00393	-0.01795
2409	13.04	-0.00384	-0.01761
2410	13.045	-0.00376	-0.01728
2411	13.05	-0.00367	-0.01695
2412	13.055	-0.00359	-0.01663
2413	13.06	-0.0035	-0.01631
2414	13.065	-0.00342	-0.016
2415	13.07	-0.00334	-0.01569
2416	13.075	-0.00327	-0.01538
2417	13.08	-0.00319	-0.01508
2418	13.085	-0.00312	-0.01479
2419	13.09	-0.00304	-0.0145
2420	13.095	-0.00297	-0.01421
2421	13.1	-0.0029	-0.01393
2422	13.105	-0.00283	-0.01365
2423	13.11	-0.00276	-0.01338
2424	13.115	-0.0027	-0.01311
2425	13.12	-0.00263	-0.01285
2426	13.125	-0.00257	-0.0126
2427	13.13	-0.00251	-0.01234
2428	13.135	-0.00245	-0.01209
2429	13.14	-0.00239	-0.01185
2430	13.145	-0.00233	-0.01161
2431	13.15	-0.00227	-0.01138
2432	13.155	-0.00221	-0.01115
2433	13.16	-0.00216	-0.01092
2434	13.165	-0.0021	-0.0107
2435	13.17	-0.00205	-0.01048
2436	13.175	-0.002	-0.01027
2437	13.18	-0.00195	-0.01006
2438	13.185	-0.0019	-0.00986
2439	13.19	-0.00185	-0.00965
2440	13.195	-0.0018	-0.00946
2441	13.2	-0.00176	-0.00926
2442	13.205	-0.00171	-0.00907
2443	13.21	-0.00166	-0.00889
2444	13.215	-0.00162	-0.0087
2445	13.22	-0.00158	-0.00852
2446	13.225	-0.00154	-0.00834
2447	13.23	-0.00149	-0.00817
2448	13.235	-0.00145	-0.008
2449	13.24	-0.00141	-0.00783
2450	13.245	-0.00138	-0.00767
2451	13.25	-0.00134	-0.00751
2452	13.255	-0.0013	-0.00735
2453	13.26	-0.00126	-0.00719
2454	13.265	-0.00123	-0.00704
2455	13.27	-0.00119	-0.00689
2456	13.275	-0.00116	-0.00674
2457	13.28	-0.00113	-0.0066
2458	13.285	-0.00109	-0.00645
2459	13.29	-0.00106	-0.00631
2460	13.295	-0.00103	-0.00618
2461	13.3	-0.001	-0.00605
2462	13.305	-9.70303E-4	-0.00591
2463	13.31	-9.41053E-4	-0.00579
2464	13.315	-9.12436E-4	-0.00566
2465	13.32	-8.84439E-4	-0.00554
2466	13.325	-8.57049E-4	-0.00542
2467	13.33	-8.30251E-4	-0.0053
2468	13.335	-8.04034E-4	-0.00519
2469	13.34	-7.78384E-4	-0.00507
2470	13.345	-7.53289E-4	-0.00496
2471	13.35	-7.28735E-4	-0.00486
2472	13.355	-7.04709E-4	-0.00475
2473	13.36	-6.812E-4	-0.00465
2474	13.365	-6.58194E-4	-0.00455
2475	13.37	-6.35679E-4	-0.00446
2476	13.375	-6.13643E-4	-0.00436
2477	13.38	-5.92073E-4	-0.00427
2478	13.385	-5.70957E-4	-0.00418
2479	13.39	-5.50285E-4	-0.00409
2480	13.395	-5.30047E-4	-0.00401
2481	13.4	-5.10233E-4	-0.00392
2482	13.405	-4.90838E-4	-0.00384
2483	13.41	-4.71855E-4	-0.00376
2484	13.415	-4.5328E-4	-0.00367
2485	13.42	-4.35111E-4	-0.00359
2486	13.425	-4.17345E-4	-0.00351
2487	13.43	-3.99983E-4	-0.00343
2488	13.435	-3.83024E-4	-0.00335
2489	13.44	-3.66469E-4	-0.00327
2490	13.445	-3.50319E-4	-0.00319
2491	13.45	-3.34577E-4	-0.00311
2492	13.455	-3.19242E-4	-0.00303
2493	13.46	-3.04318E-4	-0.00294
2494	13.465	-2.89805E-4	-0.00286
2495	13.47	-2.75705E-4	-0.00278
2496	13.475	-2.62018E-4	-0.0027
2497	13.48	-2.48745E-4	-0.00261
2498	13.485	-2.35884E-4	-0.00253
2499	13.49	-2.23436E-4	-0.00245
2500	13.495	-2.11398E-4	-0.00237
2501	13.5	-1.99769E-4	-0.00229
2502	13.505	-1.88546E-4	-0.0022
2503	13.51	-1.77725E-4	-0.00212
2504	13.515	-1.67304E-4	-0.00204
2505	13.52	-1.57276E-4	-0.00197
2506	13.525	-1.47638E-4	-0.00189
2507	13.53	-1.38383E-4	-0.00181
2508	13.535	-1.29507E-4	-0.00174
2509	13.54	-1.21004E-4	-0.00166
2510	13.545	-1.12866E-4	-0.00159
2511	13.55	-1.05089E-4	-0.00152
2512	13.555	-9.76641E-5	-0.00145
2513	13.56	-9.05863E-5	-0.00138
2514	13.565	-8.38488E-5	-0.00131
2515	13.57	-7.74454E-5	-0.00125
2516	13.575	-7.137E-5	-0.00118
2517	13.58	-6.56166E-5	-0.00112
2518	13.585	-6.01796E-5	-0.00106
2519	13.59	-5.50532E-5	-9.94782E-4
2520	13.595	-5.02318E-5	-9.34373E-4
2521	13.6	-4.57095E-5	-8.7514E-4
2522	13.605	-4.14804E-5	-8.17121E-4
2523	13.61	-3.75383E-5	-7.60371E-4
2524	13.615	-3.38767E-5	-7.04957E-4
2525	13.62	-3.04887E-5	-6.50958E-4
2526	13.625	-2.73671E-5	-5.98465E-4
2527	13.63	-2.45041E-5	-5.47577E-4
2528	13.635	-2.18913E-5	-4.98405E-4
2529	13.64	-1.952E-5	-4.51062E-4
2530	13.645	-1.73807E-5	-4.05668E-4
2531	13.65	-1.54634E-5	-3.62345E-4
2532	13.655	-1.37573E-5	-3.21211E-4
2533	13.66	-1.22512E-5	-2.82382E-4
2534	13.665	-1.09335E-5	-2.45968E-4
2535	13.67	-9.79157E-6	-2.12065E-4
2536	13.675	-8.81281E-6	-1.80757E-4
2537	13.68	-7.984E-6	-1.5211E-4
2538	13.685	-7.29171E-6	-1.26167E-4
2539	13.69	-6.72233E-6	-1.02948E-4
2540	13.695	-6.26223E-6	-8.24433E-5
2541	13.7	-5.8979E-6	-6.46114E-5
2542	13.705	-5.61611E-6	-4.93783E-5
2543	13.71	-5.40411E-6	-3.66341E-5
2544	13.715	-5.24977E-6	-2.62329E-5
2545	13.72	-5.14178E-6	-1.79936E-5
2546	13.725	-5.06984E-6	-1.17012E-5
2547	13.73	-5.02477E-6	-7.11134E-6
2548	13.735	-4.99872E-6	-3.95577E-6
2549	13.74	-4.98521E-6	-1.95128E-6
2550	13.745	-4.97921E-6	-8.11185E-7
2551	13.75	-4.9771E-6	-2.60447E-7
2552	13.755	-4.97661E-6	-4.9771E-4
2553	13.76	0	-4.97661E-4
2554	13.765	0	0
2555	13.77	0	0
2556	13.775	0	0
2557	13.78	0	0
2558	13.785	0	0
2559	13.79	0	0
2560	13.795	0	0
2561	13.8	0	0
2562	13.805	0	0
2563	13.81	0	0
2564	13.815	0	0
2565	13.82	0	0
2566	13.825	0	0
2567	13.83	0	0
2568	13.835	0	0
2569	13.84	0	0
2570	13.845	0	0
2571	13.85	0	0
2572	13.855	0	0
2573	13.86	0	0
2574	13.865	0	0
2575	13.87	0	0
2576	13.875	0	0
2577	13.88	0	0
2578	13.885	0	0
2579	13.89	0	0
2580	13.895	0	0
2581	13.9	0	0
2582	13.905	0	0
2583	13.91	0	0
2584	13.915	0	0
2585	13.92	0	0
2586	13.925	0	0
2587	13.93	0	0
2588	13.935	0	0
2589	13.94	0	0
2590	13.945	0	0
2591	13.95	0	0
2592	13.955	0	0
2593	13.96	0	0
2594	13.965	0	0
2595	13.97	0	0
2596	13.975	0	0
2597	13.98	0	0
2598	13.985	0	0
2599	13.99	0	0
2600	13.995	0	0
2601	14	0	0
2602	14.005	0	0
2603	14.01	0	0
2604	14.015	0	0
2605	14.02	0	0
2606	14.025	0	0
2607	14.03	0	0
2608	14.035	0	0
2609	14.04	0	0
2610	14.045	0	0
2611	14.05	0	0
2612	14.055	0	0
2613	14.06	0	0
2614	14.065	0	0
2615	14.07	0	0
2616	14.075	0	0
2617	14.08	0	0
2618	14.085	0	0
2619	14.09	0	0
2620	14.095	0	0
2621	14.1	0	0
2622	14.105	0	0
2623	14.11	0	0
2624	14.115	0	0
2625	14.12	0	0
2626	14.125	0	0
2627	14.13	0	0
2628	14.135	0	0
2629	14.14	0	0
2630	14.145	0	0
2631	14.15	0	0
2632	14.155	0	0
2633	14.16	0	0
2634	14.165	0	0
2635	14.17	0	0
2636	14.175	0	0
2637	14.18	0	0
2638	14.185	0	0
2639	14.19	0	0
2640	14.195	0	0
2641	14.2	0	0
2642	14.205	0	0
2643	14.21	0	0
2644	14.215	0	0
2645	14.22	0	0
2646	14.225	0	0
2647	14.23	0	0
2648	14.235	0	0
2649	14.24	0	0
2650	14.245	0	0
2651	14.25	0	0
2652	14.255	0	0
2653	14.26	0	0
2654	14.265	0	0
2655	14.27	0	0
2656	14.275	0	0
2657	14.28	0	0
2658	14.285	0	0
2659	14.29	0	0
2660	14.295	0	0
2661	14.3	0	0
2662	14.305	0	0
2663	14.31	0	0
2664	14.315	0	0
2665	14.32	0	0
2666	14.325	0	0
2667	14.33	0	0
2668	14.335	0	0
2669	14.34	0	0
2670	14.345	0	0
2671	14.35	0	0
2672	14.355	0	0
2673	14.36	0	0
2674	14.365	0	0
2675	14.37	0	0
2676	14.375	0	0
2677	14.38	0	0
2678	14.385	0	0
2679	14.39	0	0
2680	14.395	0	0
2681	14.4	0	0
2682	14.405	0	0
2683	14.41	0	0
2684	14.415	0	0
2685	14.42	0	0
2686	14.425	0	0
2687	14.43	0	0
2688	14.435	0	0
2689	14.44	0	0
2690	14.445	0	0
2691	14.45	0	0
2692	14.455	0	0
2693	14.46	0	0
2694	14.465	0	0
2695	14.47	0	0
2696	14.475	0	0
2697	14.48	0	0
2698	14.485	0	0
2699	14.49	0	0
2700	14.495	0	0
2701	14.5	0	0
2702	14.505	0	0
2703	14.51	0	0
2704	14.515	0	0
2705	14.52	0	0
2706	14.525	0	0
2707	14.53	0	0
2708	14.535	0	0
2709	14.54	0	0
2710	14.545	0	0
2711	14.55	0	0
2712	14.555	0	0
2713	14.56	0	0
2714	14.565	0	0
2715	14.57	0	0
2716	14.575	0	0
2717	14.58	0	0
2718	14.585	0	0
2719	14.59	0	0
2720	14.595	0	0
2721	14.6	0	0
2722	14.605	0	0
2723	14.61	0	0
2724	14.615	0	0
2725	14.62	0	0
2726	14.625	0	0
2727	14.63	0	0
2728	14.635	0	0
2729	14.64	0	0
2730	14.645	0	0
2731	14.65	0	0
2732	14.655	0	0
2733	14.66	0	0
2734	14.665	0	0
2735	14.67	0	0
2736	14.675	0	0
2737	14.68	0	0
2738	14.685	0	0
2739	14.69	0	0
2740	14.695	0	0
2741	14.7	0	0
2742	14.705	0	0
2743	14.71	0	0
2744	14.715	0	0
2745	14.72	0	0
2746	14.725	0	0
2747	14.73	0	0
2748	14.735	0	0
2749	14.74	0	0
2750	14.745	0	0
2751	14.75	0	0
2752	14.755	0	0
2753	14.76	0	0
2754	14.765	0	0
2755	14.77	0	0
2756	14.775	0	0
2757	14.78	0	0
2758	14.785	0	0
2759	14.79	0	0
2760	14.795	0	0
2761	14.8	0	0
2762	14.805	0	0
2763	14.81	0	0
2764	14.815	0	0
2765	14.82	0	0
2766	14.825	0	0
2767	14.83	0	0
2768	14.835	0	0
2769	14.84	0	0
2770	14.845	0	0
2771	14.85	0	0
2772	14.855	0	0
2773	14.86	0	0
2774	14.865	0	0
2775	14.87	0	0
2776	14.875	0	0
2777	14.88	0	0
2778	14.885	0	0
2779	14.89	0	0
2780	14.895	0	0
2781	14.9	0	0
2782	14.905	0	0
2783	14.91	0	0
2784	14.915	0	0
2785	14.92	0	0
2786	14.925	0	0
2787	14.93	0	0
2788	14.935	0	0
2789	14.94	0	0
2790	14.945	0	0
2791	14.95	0	0
2792	14.955	0	0
2793	14.96	0	0
2794	14.965	0	0
2795	14.97	0	0
2796	14.975	0	0
2797	14.98	0	0
2798	14.985	0	0
2799	14.99	0	0
2800	14.995	0	0
2801	15	0	0
