BOCS
N 2801

1	1	1078.46999	1944.01706
2	1.005	1068.74991	1937.11172
3	1.01	1059.09887	1923.30805
4	1.015	1049.51683	1909.51909
5	1.02	1040.00368	1895.74605
6	1.025	1030.55937	1881.98979
7	1.03	1021.18379	1868.25092
8	1.035	1011.87686	1854.5298
9	1.04	1002.63849	1840.82664
10	1.045	993.46859	1827.14153
11	1.05	984.36707	1813.47441
12	1.055	975.33385	1799.82517
13	1.06	966.36882	1786.19361
14	1.065	957.47191	1772.57946
15	1.07	948.64303	1758.98239
16	1.075	939.88209	1745.40203
17	1.08	931.18901	1731.83793
18	1.085	922.56371	1718.28958
19	1.09	914.00611	1704.75637
20	1.095	905.51614	1691.23765
21	1.1	897.09373	1677.73261
22	1.105	888.73882	1664.24036
23	1.11	880.45133	1650.75986
24	1.115	872.23122	1637.28992
25	1.12	864.07843	1623.82917
26	1.125	855.99293	1610.37603
27	1.13	847.97467	1596.92871
28	1.135	840.02364	1583.48512
29	1.14	832.13982	1570.04291
30	1.145	824.32321	1556.59936
31	1.15	816.57383	1543.15137
32	1.155	808.8917	1529.69534
33	1.16	801.27687	1516.22716
34	1.165	793.72943	1502.74205
35	1.17	786.24945	1489.23445
36	1.175	778.83708	1475.69787
37	1.18	771.49247	1462.12464
38	1.185	764.21583	1448.50572
39	1.19	757.00742	1434.83037
40	1.195	749.86753	1421.08589
41	1.2	742.79656	1407.25744
42	1.205	735.79496	1393.32821
43	1.21	728.86328	1379.28055
44	1.215	722.00215	1365.09922
45	1.22	715.21228	1350.77918
46	1.225	708.49436	1336.34249
47	1.23	701.84886	1321.8704
48	1.235	695.27565	1307.55268
49	1.24	688.77333	1293.7244
50	1.245	682.33841	1280.75271
51	1.25	675.9658	1268.88463
52	1.255	669.64956	1257.35167
53	1.26	663.39229	1245.61419
54	1.265	657.19342	1233.98628
55	1.27	651.05242	1222.46692
56	1.275	644.96875	1211.05509
57	1.28	638.94187	1199.74979
58	1.285	632.97126	1188.55003
59	1.29	627.05637	1177.45481
60	1.295	621.19671	1166.46318
61	1.3	615.39174	1155.57415
62	1.305	609.64097	1144.78677
63	1.31	603.94387	1134.10009
64	1.315	598.29996	1123.51317
65	1.32	592.70874	1113.02508
66	1.325	587.16971	1102.6349
67	1.33	581.68239	1092.34171
68	1.335	576.2463	1082.14461
69	1.34	570.86095	1072.0427
70	1.345	565.52587	1062.0351
71	1.35	560.2406	1052.12091
72	1.355	555.00466	1042.29928
73	1.36	549.8176	1032.56933
74	1.365	544.67897	1022.93021
75	1.37	539.5883	1013.38107
76	1.375	534.54516	1003.92107
77	1.38	529.54909	994.54939
78	1.385	524.59966	985.26519
79	1.39	519.69644	976.06765
80	1.395	514.83899	966.95598
81	1.4	510.02688	957.92937
82	1.405	505.25969	948.98702
83	1.41	500.53701	940.12815
84	1.415	495.85841	931.35197
85	1.42	491.22349	922.65773
86	1.425	486.63183	914.04464
87	1.43	482.08304	905.51196
88	1.435	477.57671	897.05893
89	1.44	473.11245	888.68481
90	1.445	468.68987	880.38886
91	1.45	464.30856	872.17036
92	1.455	459.96816	864.02858
93	1.46	455.66828	855.9628
94	1.465	451.40853	847.97232
95	1.47	447.18856	840.05643
96	1.475	443.00797	832.21443
97	1.48	438.86641	824.44564
98	1.485	434.76351	816.74937
99	1.49	430.69892	809.12495
100	1.495	426.67226	801.5717
101	1.5	422.6832	794.08896
102	1.505	418.73137	786.67608
103	1.51	414.81644	779.33239
104	1.515	410.93805	772.05726
105	1.52	407.09587	764.85004
106	1.525	403.28955	757.7101
107	1.53	399.51877	750.63682
108	1.535	395.78318	743.62956
109	1.54	392.08247	736.68772
110	1.545	388.41631	729.81068
111	1.55	384.78436	722.99783
112	1.555	381.18633	716.24859
113	1.56	377.62188	709.56235
114	1.565	374.0907	702.93853
115	1.57	370.59249	696.37654
116	1.575	367.12694	689.8758
117	1.58	363.69373	683.43576
118	1.585	360.29258	677.05583
119	1.59	356.92318	670.73546
120	1.595	353.58523	664.47408
121	1.6	350.27844	658.27116
122	1.605	347.00251	652.12615
123	1.61	343.75717	646.0385
124	1.615	340.54213	640.00767
125	1.62	337.3571	634.03315
126	1.625	334.2018	628.1144
127	1.63	331.07595	622.2509
128	1.635	327.97929	616.44214
129	1.64	324.91153	610.6876
130	1.645	321.87241	604.98678
131	1.65	318.86166	599.33918
132	1.655	315.87902	593.7443
133	1.66	312.92422	588.20164
134	1.665	309.997	582.71073
135	1.67	307.09711	577.27108
136	1.675	304.22429	571.88221
137	1.68	301.37829	566.54364
138	1.685	298.55886	561.25491
139	1.69	295.76574	556.01555
140	1.695	292.9987	550.8251
141	1.7	290.25749	545.6831
142	1.705	287.54187	540.5891
143	1.71	284.8516	535.54266
144	1.715	282.18644	530.54332
145	1.72	279.54617	525.59066
146	1.725	276.93054	520.68423
147	1.73	274.33933	515.8236
148	1.735	271.7723	511.00834
149	1.74	269.22924	506.23803
150	1.745	266.70992	501.51226
151	1.75	264.21412	496.8306
152	1.755	261.74162	492.19265
153	1.76	259.29219	487.59799
154	1.765	256.86564	483.04622
155	1.77	254.46173	478.53694
156	1.775	252.08027	474.06976
157	1.78	249.72103	469.64428
158	1.785	247.38382	465.26011
159	1.79	245.06843	460.91687
160	1.795	242.77465	456.61418
161	1.8	240.50229	452.35165
162	1.805	238.25114	448.12891
163	1.81	236.021	443.94558
164	1.815	233.81168	439.80132
165	1.82	231.62299	435.69573
166	1.825	229.45473	431.62848
167	1.83	227.3067	427.59919
168	1.835	225.17873	423.60752
169	1.84	223.07063	419.65311
170	1.845	220.9822	415.73561
171	1.85	218.91327	411.85468
172	1.855	216.86366	408.00999
173	1.86	214.83317	404.20118
174	1.865	212.82164	400.42793
175	1.87	210.82889	396.6899
176	1.875	208.85474	392.98677
177	1.88	206.89902	389.3182
178	1.885	204.96156	385.68389
179	1.89	203.04219	382.0835
180	1.895	201.14073	378.51671
181	1.9	199.25702	374.98323
182	1.905	197.3909	371.48273
183	1.91	195.54219	368.01491
184	1.915	193.71075	364.57946
185	1.92	191.8964	361.17608
186	1.925	190.09899	357.80447
187	1.93	188.31835	354.46434
188	1.935	186.55434	351.15538
189	1.94	184.8068	347.87732
190	1.945	183.07557	344.62986
191	1.95	181.3605	341.41271
192	1.955	179.66144	338.22559
193	1.96	177.97824	335.06823
194	1.965	176.31076	331.94034
195	1.97	174.65884	328.84165
196	1.975	173.02234	325.77188
197	1.98	171.40112	322.73078
198	1.985	169.79504	319.71806
199	1.99	168.20394	316.73346
200	1.995	166.6277	313.77673
201	2	165.06617	310.8476
202	2.005	163.51922	307.94581
203	2.01	161.98672	305.07111
204	2.015	160.46851	302.22325
205	2.02	158.96448	299.40197
206	2.025	157.47449	296.60703
207	2.03	155.99841	293.83818
208	2.035	154.53611	291.09517
209	2.04	153.08746	288.37777
210	2.045	151.65233	285.68574
211	2.05	150.2306	283.01884
212	2.055	148.82215	280.37684
213	2.06	147.42684	277.7595
214	2.065	146.04455	275.16659
215	2.07	144.67517	272.59789
216	2.075	143.31857	270.05316
217	2.08	141.97464	267.5322
218	2.085	140.64325	265.03476
219	2.09	139.32429	262.56064
220	2.095	138.01764	260.10961
221	2.1	136.72319	257.68147
222	2.105	135.44083	255.27599
223	2.11	134.17043	252.89297
224	2.115	132.9119	250.53219
225	2.12	131.66511	248.19345
226	2.125	130.42996	245.87655
227	2.13	129.20635	243.58127
228	2.135	127.99415	241.30742
229	2.14	126.79327	239.05479
230	2.145	125.6036	236.8232
231	2.15	124.42504	234.61243
232	2.155	123.25748	232.42231
233	2.16	122.10082	230.25263
234	2.165	120.95495	228.1032
235	2.17	119.81979	225.97384
236	2.175	118.69521	223.86435
237	2.18	117.58114	221.77456
238	2.185	116.47747	219.70428
239	2.19	115.3841	217.65332
240	2.195	114.30094	215.62151
241	2.2	113.22788	213.60866
242	2.205	112.16485	211.61461
243	2.21	111.11174	209.63917
244	2.215	110.06846	207.68217
245	2.22	109.03492	205.74344
246	2.225	108.01102	203.82281
247	2.23	106.99669	201.9201
248	2.235	105.99182	200.03516
249	2.24	104.99634	198.16782
250	2.245	104.01014	196.31791
251	2.25	103.03316	194.48526
252	2.255	102.06529	192.66973
253	2.26	101.10646	190.87114
254	2.265	100.15658	189.08934
255	2.27	99.21557	187.32418
256	2.275	98.28334	185.57549
257	2.28	97.35981	183.84313
258	2.285	96.44491	182.12694
259	2.29	95.53854	180.42677
260	2.295	94.64064	178.74247
261	2.3	93.75112	177.07389
262	2.305	92.8699	175.42089
263	2.31	91.99691	173.78332
264	2.315	91.13207	172.16104
265	2.32	90.2753	170.5539
266	2.325	89.42653	168.96177
267	2.33	88.58568	167.3845
268	2.335	87.75268	165.82195
269	2.34	86.92746	164.27399
270	2.345	86.10994	162.74048
271	2.35	85.30006	161.22128
272	2.355	84.49773	159.71627
273	2.36	83.70289	158.2253
274	2.365	82.91548	156.74826
275	2.37	82.13541	155.285
276	2.375	81.36263	153.8354
277	2.38	80.59706	152.39933
278	2.385	79.83863	150.97667
279	2.39	79.08729	149.56729
280	2.395	78.34296	148.17107
281	2.4	77.60558	146.78788
282	2.405	76.87508	145.4176
283	2.41	76.1514	144.06012
284	2.415	75.43448	142.71531
285	2.42	74.72425	141.38305
286	2.425	74.02065	140.06322
287	2.43	73.32362	138.75572
288	2.435	72.63309	137.46043
289	2.44	71.94901	136.17722
290	2.445	71.27132	134.906
291	2.45	70.59995	133.64664
292	2.455	69.93486	132.39904
293	2.46	69.27596	131.16308
294	2.465	68.62322	129.93866
295	2.47	67.97658	128.72567
296	2.475	67.33597	127.52401
297	2.48	66.70134	126.33356
298	2.485	66.07263	125.15423
299	2.49	65.4498	123.9859
300	2.495	64.83277	122.82848
301	2.5	64.22151	121.68187
302	2.505	63.61595	120.54596
303	2.51	63.01605	119.42065
304	2.515	62.42175	118.30585
305	2.52	61.83299	117.20146
306	2.525	61.24973	116.10737
307	2.53	60.67192	115.0235
308	2.535	60.0995	113.94975
309	2.54	59.53242	112.88602
310	2.545	58.97064	111.83221
311	2.55	58.4141	110.78825
312	2.555	57.86276	109.75403
313	2.56	57.31656	108.72947
314	2.565	56.77546	107.71447
315	2.57	56.23941	106.70895
316	2.575	55.70837	105.71281
317	2.58	55.18229	104.72597
318	2.585	54.66111	103.74835
319	2.59	54.1448	102.77985
320	2.595	53.63331	101.82039
321	2.6	53.1266	100.86989
322	2.605	52.62461	99.92826
323	2.61	52.12732	98.99542
324	2.615	51.63466	98.07129
325	2.62	51.1466	97.15579
326	2.625	50.6631	96.24883
327	2.63	50.18411	95.35034
328	2.635	49.7096	94.46024
329	2.64	49.23951	93.57844
330	2.645	48.77381	92.70488
331	2.65	48.31246	91.83947
332	2.655	47.85542	90.98214
333	2.66	47.40264	90.13282
334	2.665	46.95409	89.29142
335	2.67	46.50973	88.45788
336	2.675	46.06951	87.63212
337	2.68	45.63341	86.81406
338	2.685	45.20137	86.00365
339	2.69	44.77337	85.2008
340	2.695	44.34936	84.40544
341	2.7	43.92932	83.61751
342	2.705	43.51319	82.83693
343	2.71	43.10095	82.06364
344	2.715	42.69255	81.29757
345	2.72	42.28797	80.53865
346	2.725	41.88717	79.78682
347	2.73	41.4901	79.042
348	2.735	41.09675	78.30414
349	2.74	40.70706	77.57316
350	2.745	40.32101	76.84901
351	2.75	39.93857	76.13162
352	2.755	39.5597	75.42092
353	2.76	39.18436	74.71686
354	2.765	38.81253	74.01937
355	2.77	38.44417	73.3284
356	2.775	38.07925	72.64387
357	2.78	37.71773	71.96573
358	2.785	37.35959	71.29393
359	2.79	37.00479	70.62839
360	2.795	36.6533	69.96907
361	2.8	36.3051	69.3159
362	2.805	35.96015	68.66883
363	2.81	35.61841	68.0278
364	2.815	35.27987	67.39276
365	2.82	34.94448	66.76364
366	2.825	34.61223	66.1404
367	2.83	34.28308	65.52297
368	2.835	33.957	64.91131
369	2.84	33.63397	64.30536
370	2.845	33.31395	63.70506
371	2.85	32.99692	63.11037
372	2.855	32.68284	62.52123
373	2.86	32.3717	61.93759
374	2.865	32.06347	61.3594
375	2.87	31.75811	60.7866
376	2.875	31.4556	60.21915
377	2.88	31.15592	59.657
378	2.885	30.85903	59.1001
379	2.89	30.56492	58.54839
380	2.895	30.27355	58.00184
381	2.9	29.9849	57.46039
382	2.905	29.69894	56.92399
383	2.91	29.41566	56.3926
384	2.915	29.13502	55.86617
385	2.92	28.857	55.34466
386	2.925	28.58157	54.82801
387	2.93	28.30872	54.31619
388	2.935	28.03841	53.80914
389	2.94	27.77063	53.30683
390	2.945	27.50534	52.8092
391	2.95	27.24253	52.31622
392	2.955	26.98218	51.82785
393	2.96	26.72426	51.34403
394	2.965	26.46874	50.86473
395	2.97	26.21561	50.3899
396	2.975	25.96484	49.91951
397	2.98	25.71641	49.45351
398	2.985	25.4703	48.99185
399	2.99	25.22649	48.53451
400	2.995	24.98496	48.08144
401	3	24.74568	47.63259
402	3.005	24.50863	47.18794
403	3.01	24.2738	46.74744
404	3.015	24.04116	46.31105
405	3.02	23.81069	45.87873
406	3.025	23.58237	45.45045
407	3.03	23.35619	45.02616
408	3.035	23.13211	44.60584
409	3.04	22.91013	44.18944
410	3.045	22.69022	43.77693
411	3.05	22.47236	43.36827
412	3.055	22.25653	42.96342
413	3.06	22.04272	42.56235
414	3.065	21.83091	42.16503
415	3.07	21.62107	41.77142
416	3.075	21.4132	41.38148
417	3.08	21.20726	40.99518
418	3.085	21.00324	40.61248
419	3.09	20.80113	40.23336
420	3.095	20.60091	39.85778
421	3.1	20.40256	39.48571
422	3.105	20.20605	39.1171
423	3.11	20.01138	38.75194
424	3.115	19.81853	38.39019
425	3.12	19.62748	38.03181
426	3.125	19.43822	37.67678
427	3.13	19.25072	37.32507
428	3.135	19.06496	36.97664
429	3.14	18.88095	36.63146
430	3.145	18.69865	36.2895
431	3.15	18.51805	35.95073
432	3.155	18.33914	35.61513
433	3.16	18.1619	35.28266
434	3.165	17.98632	34.95329
435	3.17	17.81237	34.627
436	3.175	17.64005	34.30375
437	3.18	17.46933	33.98353
438	3.185	17.30021	33.66629
439	3.19	17.13267	33.35201
440	3.195	16.96669	33.04067
441	3.2	16.80226	32.73223
442	3.205	16.63937	32.42667
443	3.21	16.478	32.12396
444	3.215	16.31813	31.82408
445	3.22	16.15975	31.527
446	3.225	16.00286	31.2327
447	3.23	15.84743	30.94114
448	3.235	15.69345	30.6523
449	3.24	15.5409	30.36616
450	3.245	15.38979	30.08269
451	3.25	15.24008	29.80186
452	3.255	15.09177	29.52366
453	3.26	14.94484	29.24805
454	3.265	14.79929	28.97502
455	3.27	14.65509	28.70454
456	3.275	14.51224	28.43658
457	3.28	14.37073	28.17112
458	3.285	14.23053	27.90814
459	3.29	14.09164	27.64762
460	3.295	13.95405	27.38952
461	3.3	13.81775	27.13384
462	3.305	13.68272	26.88054
463	3.31	13.54894	26.62961
464	3.315	13.41642	26.38102
465	3.32	13.28513	26.13475
466	3.325	13.15507	25.89078
467	3.33	13.02623	25.64909
468	3.335	12.89858	25.40965
469	3.34	12.77213	25.17245
470	3.345	12.64686	24.93746
471	3.35	12.52275	24.70467
472	3.355	12.39981	24.47405
473	3.36	12.27801	24.24558
474	3.365	12.15735	24.01925
475	3.37	12.03782	23.79503
476	3.375	11.9194	23.5729
477	3.38	11.80209	23.35284
478	3.385	11.68588	23.13484
479	3.39	11.57074	22.91888
480	3.395	11.45669	22.70493
481	3.4	11.34369	22.49298
482	3.405	11.23176	22.283
483	3.41	11.12086	22.07499
484	3.415	11.01101	21.86892
485	3.42	10.90218	21.66477
486	3.425	10.79436	21.46253
487	3.43	10.68755	21.26217
488	3.435	10.58174	21.06369
489	3.44	10.47691	20.86706
490	3.445	10.37307	20.67226
491	3.45	10.27019	20.47928
492	3.455	10.16827	20.28811
493	3.46	10.06731	20.09872
494	3.465	9.96729	19.91109
495	3.47	9.8682	19.72522
496	3.475	9.77004	19.54108
497	3.48	9.67279	19.35867
498	3.485	9.57645	19.17795
499	3.49	9.48101	18.99892
500	3.495	9.38646	18.82157
501	3.5	9.29279	18.64587
502	3.505	9.2	18.47181
503	3.51	9.10807	18.29937
504	3.515	9.01701	18.12854
505	3.52	8.92679	17.95931
506	3.525	8.83741	17.79166
507	3.53	8.74887	17.62557
508	3.535	8.66116	17.46104
509	3.54	8.57426	17.29804
510	3.545	8.48818	17.13656
511	3.55	8.4029	16.97659
512	3.555	8.31841	16.81811
513	3.56	8.23472	16.66111
514	3.565	8.1518	16.50558
515	3.57	8.06966	16.3515
516	3.575	7.98829	16.19886
517	3.58	7.90767	16.04764
518	3.585	7.82781	15.89783
519	3.59	7.74869	15.74942
520	3.595	7.67031	15.6024
521	3.6	7.59267	15.45675
522	3.605	7.51575	15.31246
523	3.61	7.43954	15.16952
524	3.615	7.36405	15.02791
525	3.62	7.28926	14.88762
526	3.625	7.21518	14.74865
527	3.63	7.14178	14.61097
528	3.635	7.06907	14.47457
529	3.64	6.99703	14.33945
530	3.645	6.92567	14.20559
531	3.65	6.85498	14.07298
532	3.655	6.78494	13.94161
533	3.66	6.71556	13.81146
534	3.665	6.64683	13.68253
535	3.67	6.57874	13.5548
536	3.675	6.51128	13.42827
537	3.68	6.44445	13.30291
538	3.685	6.37825	13.17873
539	3.69	6.31267	13.05571
540	3.695	6.24769	12.93383
541	3.7	6.18333	12.81309
542	3.705	6.11956	12.69348
543	3.71	6.05639	12.57499
544	3.715	5.99381	12.4576
545	3.72	5.93182	12.3413
546	3.725	5.8704	12.2261
547	3.73	5.80956	12.11197
548	3.735	5.74928	11.9989
549	3.74	5.68957	11.88689
550	3.745	5.63041	11.77592
551	3.75	5.57181	11.66599
552	3.755	5.51375	11.55709
553	3.76	5.45624	11.44921
554	3.765	5.39926	11.34233
555	3.77	5.34281	11.23644
556	3.775	5.28689	11.13155
557	3.78	5.2315	11.02764
558	3.785	5.17662	10.92469
559	3.79	5.12225	10.82271
560	3.795	5.06839	10.72168
561	3.8	5.01503	10.62159
562	3.805	4.96217	10.52244
563	3.81	4.90981	10.42421
564	3.815	4.85793	10.3269
565	3.82	4.80654	10.2305
566	3.825	4.75563	10.13499
567	3.83	4.70519	10.04038
568	3.835	4.65522	9.94666
569	3.84	4.60572	9.8538
570	3.845	4.55669	9.76182
571	3.85	4.50811	9.67069
572	3.855	4.45998	9.58041
573	3.86	4.4123	9.49098
574	3.865	4.36507	9.40238
575	3.87	4.31828	9.31461
576	3.875	4.27192	9.22766
577	3.88	4.226	9.14151
578	3.885	4.18051	9.05618
579	3.89	4.13544	8.97164
580	3.895	4.09079	8.88789
581	3.9	4.04656	8.80492
582	3.905	4.00274	8.72272
583	3.91	3.95933	8.6413
584	3.915	3.91633	8.56063
585	3.92	3.87373	8.48071
586	3.925	3.83152	8.40155
587	3.93	3.78971	8.32312
588	3.935	3.74829	8.24542
589	3.94	3.70726	8.16845
590	3.945	3.66661	8.09219
591	3.95	3.62634	8.01665
592	3.955	3.58644	7.94182
593	3.96	3.54692	7.86768
594	3.965	3.50776	7.79423
595	3.97	3.46897	7.72147
596	3.975	3.43055	7.64939
597	3.98	3.39248	7.57799
598	3.985	3.35477	7.50725
599	3.99	3.31741	7.43716
600	3.995	3.2804	7.36774
601	4	3.24373	7.29896
602	4.005	3.20741	7.23082
603	4.01	3.17142	7.16332
604	4.015	3.13577	7.09645
605	4.02	3.10046	7.03021
606	4.025	3.06547	6.96458
607	4.03	3.03081	6.89956
608	4.035	2.99648	6.83516
609	4.04	2.96246	6.77135
610	4.045	2.92876	6.70814
611	4.05	2.89538	6.64552
612	4.055	2.86231	6.58348
613	4.06	2.82954	6.52202
614	4.065	2.79709	6.46114
615	4.07	2.76493	6.40082
616	4.075	2.73308	6.34107
617	4.08	2.70152	6.28188
618	4.085	2.67026	6.22324
619	4.09	2.63929	6.16514
620	4.095	2.60861	6.10759
621	4.1	2.57821	6.05057
622	4.105	2.5481	5.99409
623	4.11	2.51827	5.93814
624	4.115	2.48872	5.8827
625	4.12	2.45945	5.82779
626	4.125	2.43044	5.77339
627	4.13	2.40171	5.71949
628	4.135	2.37325	5.6661
629	4.14	2.34505	5.6132
630	4.145	2.31712	5.56081
631	4.15	2.28944	5.50889
632	4.155	2.26203	5.45747
633	4.16	2.23487	5.40652
634	4.165	2.20796	5.35605
635	4.17	2.18131	5.30605
636	4.175	2.1549	5.25652
637	4.18	2.12874	5.20745
638	4.185	2.10283	5.15884
639	4.19	2.07715	5.11068
640	4.195	2.05172	5.06297
641	4.2	2.02653	5.01571
642	4.205	2.00156	4.96889
643	4.21	1.97684	4.9225
644	4.215	1.95234	4.87655
645	4.22	1.92807	4.83103
646	4.225	1.90403	4.78593
647	4.23	1.88021	4.74125
648	4.235	1.85662	4.69699
649	4.24	1.83324	4.65314
650	4.245	1.81008	4.60971
651	4.25	1.78714	4.56668
652	4.255	1.76442	4.52404
653	4.26	1.7419	4.48181
654	4.265	1.7196	4.43997
655	4.27	1.6975	4.39853
656	4.275	1.67561	4.35747
657	4.28	1.65393	4.31679
658	4.285	1.63245	4.27649
659	4.29	1.61116	4.23657
660	4.295	1.59008	4.19702
661	4.3	1.56919	4.15784
662	4.305	1.5485	4.11903
663	4.31	1.528	4.08058
664	4.315	1.5077	4.04248
665	4.32	1.48758	4.00475
666	4.325	1.46765	3.96736
667	4.33	1.44791	3.93033
668	4.335	1.42835	3.89364
669	4.34	1.40897	3.85729
670	4.345	1.38977	3.82128
671	4.35	1.37076	3.78561
672	4.355	1.35192	3.75027
673	4.36	1.33325	3.71526
674	4.365	1.31476	3.68058
675	4.37	1.29645	3.64622
676	4.375	1.2783	3.61218
677	4.38	1.26033	3.57846
678	4.385	1.24252	3.54506
679	4.39	1.22488	3.51196
680	4.395	1.2074	3.47918
681	4.4	1.19008	3.4467
682	4.405	1.17293	3.41453
683	4.41	1.15594	3.38265
684	4.415	1.1391	3.35107
685	4.42	1.12243	3.31979
686	4.425	1.10591	3.2888
687	4.43	1.08954	3.2581
688	4.435	1.07333	3.22768
689	4.44	1.05726	3.19755
690	4.445	1.04135	3.1677
691	4.45	1.02559	3.13813
692	4.455	1.00997	3.10884
693	4.46	0.9945	3.07982
694	4.465	0.97917	3.05107
695	4.47	0.96399	3.02259
696	4.475	0.94894	2.99437
697	4.48	0.93404	2.96642
698	4.485	0.91928	2.93873
699	4.49	0.90466	2.91129
700	4.495	0.89017	2.88411
701	4.5	0.87581	2.85719
702	4.505	0.8616	2.83052
703	4.51	0.84751	2.8041
704	4.515	0.83355	2.77792
705	4.52	0.81973	2.75199
706	4.525	0.80604	2.7263
707	4.53	0.79247	2.70085
708	4.535	0.77903	2.67563
709	4.54	0.76571	2.65066
710	4.545	0.75252	2.62591
711	4.55	0.73945	2.6014
712	4.555	0.72651	2.57712
713	4.56	0.71368	2.55306
714	4.565	0.70098	2.52923
715	4.57	0.68839	2.50561
716	4.575	0.67592	2.48222
717	4.58	0.66357	2.45905
718	4.585	0.65133	2.4361
719	4.59	0.63921	2.41336
720	4.595	0.6272	2.39083
721	4.6	0.6153	2.36851
722	4.605	0.60351	2.3464
723	4.61	0.59183	2.32449
724	4.615	0.58027	2.3028
725	4.62	0.56881	2.2813
726	4.625	0.55745	2.26
727	4.63	0.54621	2.23891
728	4.635	0.53506	2.218
729	4.64	0.52403	2.1973
730	4.645	0.51309	2.17679
731	4.65	0.50226	2.15647
732	4.655	0.49153	2.13634
733	4.66	0.48089	2.11639
734	4.665	0.47036	2.09664
735	4.67	0.45993	2.07706
736	4.675	0.44959	2.05767
737	4.68	0.43935	2.03847
738	4.685	0.42921	2.01944
739	4.69	0.41916	2.00059
740	4.695	0.4092	1.98191
741	4.7	0.39934	1.96341
742	4.705	0.38957	1.94508
743	4.71	0.37989	1.92692
744	4.715	0.3703	1.90893
745	4.72	0.3608	1.89111
746	4.725	0.35139	1.87346
747	4.73	0.34206	1.85597
748	4.735	0.33283	1.83865
749	4.74	0.32368	1.82148
750	4.745	0.31461	1.80448
751	4.75	0.30563	1.78762
752	4.755	0.29674	1.77085
753	4.76	0.28792	1.75407
754	4.765	0.27919	1.73725
755	4.77	0.27055	1.72041
756	4.775	0.26199	1.70358
757	4.78	0.25351	1.68681
758	4.785	0.24512	1.67018
759	4.79	0.23681	1.65375
760	4.795	0.22858	1.63758
761	4.8	0.22044	1.62173
762	4.805	0.21237	1.60624
763	4.81	0.20437	1.59115
764	4.815	0.19646	1.57649
765	4.82	0.18861	1.56226
766	4.825	0.18083	1.54847
767	4.83	0.17312	1.5351
768	4.835	0.16548	1.52213
769	4.84	0.1579	1.50954
770	4.845	0.15039	1.4973
771	4.85	0.14293	1.48536
772	4.855	0.13553	1.47368
773	4.86	0.12819	1.46221
774	4.865	0.12091	1.45092
775	4.87	0.11368	1.43975
776	4.875	0.10651	1.42866
777	4.88	0.0994	1.41762
778	4.885	0.09234	1.40657
779	4.89	0.08533	1.39549
780	4.895	0.07838	1.38434
781	4.9	0.07149	1.37309
782	4.905	0.06465	1.36173
783	4.91	0.05787	1.35023
784	4.915	0.05115	1.33858
785	4.92	0.04449	1.32677
786	4.925	0.03788	1.3148
787	4.93	0.03134	1.30265
788	4.935	0.02486	1.29035
789	4.94	0.01843	1.27789
790	4.945	0.01208	1.26528
791	4.95	0.00578	1.25253
792	4.955	-4.48924E-4	1.23966
793	4.96	-0.00661	1.22668
794	4.965	-0.01272	1.21362
795	4.97	-0.01875	1.20049
796	4.975	-0.02472	1.18731
797	4.98	-0.03062	1.1741
798	4.985	-0.03646	1.16088
799	4.99	-0.04223	1.14767
800	4.995	-0.04794	1.1345
801	5	-0.05358	1.12137
802	5.005	-0.05915	1.1083
803	5.01	-0.06466	1.09529
804	5.015	-0.07011	1.08234
805	5.02	-0.07548	1.06945
806	5.025	-0.0808	1.05663
807	5.03	-0.08605	1.04387
808	5.035	-0.09124	1.03119
809	5.04	-0.09636	1.01859
810	5.045	-0.10142	1.00608
811	5.05	-0.10642	0.99366
812	5.055	-0.11136	0.98136
813	5.06	-0.11624	0.96918
814	5.065	-0.12105	0.95714
815	5.07	-0.12581	0.94526
816	5.075	-0.13051	0.93355
817	5.08	-0.13514	0.92204
818	5.085	-0.13973	0.91075
819	5.09	-0.14425	0.8997
820	5.095	-0.14872	0.88891
821	5.1	-0.15314	0.87841
822	5.105	-0.15751	0.86822
823	5.11	-0.16182	0.85837
824	5.115	-0.16609	0.84888
825	5.12	-0.17031	0.83977
826	5.125	-0.17449	0.83107
827	5.13	-0.17862	0.82278
828	5.135	-0.18272	0.81493
829	5.14	-0.18677	0.80753
830	5.145	-0.19079	0.80057
831	5.15	-0.19478	0.79407
832	5.155	-0.19873	0.78801
833	5.16	-0.20266	0.78239
834	5.165	-0.20656	0.77718
835	5.17	-0.21043	0.77235
836	5.175	-0.21428	0.76789
837	5.18	-0.21811	0.76373
838	5.185	-0.22192	0.75985
839	5.19	-0.22571	0.75617
840	5.195	-0.22948	0.75264
841	5.2	-0.23323	0.74919
842	5.205	-0.23697	0.74576
843	5.21	-0.24069	0.74228
844	5.215	-0.24439	0.73868
845	5.22	-0.24808	0.7349
846	5.225	-0.25174	0.73089
847	5.23	-0.25539	0.72663
848	5.235	-0.25901	0.7221
849	5.24	-0.26261	0.71733
850	5.245	-0.26618	0.71239
851	5.25	-0.26973	0.70738
852	5.255	-0.27326	0.70235
853	5.26	-0.27675	0.69734
854	5.265	-0.28023	0.69234
855	5.27	-0.28368	0.68734
856	5.275	-0.2871	0.68235
857	5.28	-0.2905	0.67738
858	5.285	-0.29388	0.67241
859	5.29	-0.29723	0.66745
860	5.295	-0.30055	0.6625
861	5.3	-0.30385	0.65755
862	5.305	-0.30713	0.65262
863	5.31	-0.31038	0.64769
864	5.315	-0.3136	0.64278
865	5.32	-0.3168	0.63787
866	5.325	-0.31998	0.63297
867	5.33	-0.32313	0.62809
868	5.335	-0.32626	0.62321
869	5.34	-0.32937	0.61834
870	5.345	-0.33245	0.61347
871	5.35	-0.3355	0.60862
872	5.355	-0.33853	0.60378
873	5.36	-0.34154	0.59895
874	5.365	-0.34452	0.59412
875	5.37	-0.34748	0.58931
876	5.375	-0.35041	0.5845
877	5.38	-0.35333	0.5797
878	5.385	-0.35621	0.57492
879	5.39	-0.35907	0.57014
880	5.395	-0.36191	0.56537
881	5.4	-0.36473	0.56061
882	5.405	-0.36752	0.55586
883	5.41	-0.37029	0.55112
884	5.415	-0.37303	0.54639
885	5.42	-0.37575	0.54167
886	5.425	-0.37845	0.53696
887	5.43	-0.38112	0.53226
888	5.435	-0.38377	0.52756
889	5.44	-0.3864	0.52288
890	5.445	-0.389	0.51821
891	5.45	-0.39158	0.51354
892	5.455	-0.39413	0.50889
893	5.46	-0.39667	0.50425
894	5.465	-0.39918	0.49961
895	5.47	-0.40166	0.49499
896	5.475	-0.40413	0.49037
897	5.48	-0.40657	0.48577
898	5.485	-0.40898	0.48117
899	5.49	-0.41138	0.47659
900	5.495	-0.41375	0.47201
901	5.5	-0.4161	0.46745
902	5.505	-0.41842	0.46289
903	5.51	-0.42073	0.45835
904	5.515	-0.42301	0.45381
905	5.52	-0.42527	0.44929
906	5.525	-0.4275	0.44477
907	5.53	-0.42971	0.44027
908	5.535	-0.4319	0.43577
909	5.54	-0.43407	0.43129
910	5.545	-0.43622	0.42681
911	5.55	-0.43834	0.42235
912	5.555	-0.44044	0.41789
913	5.56	-0.44252	0.41345
914	5.565	-0.44457	0.40901
915	5.57	-0.44661	0.40459
916	5.575	-0.44862	0.40018
917	5.58	-0.45061	0.39577
918	5.585	-0.45258	0.39138
919	5.59	-0.45452	0.387
920	5.595	-0.45645	0.38263
921	5.6	-0.45835	0.37826
922	5.605	-0.46023	0.37391
923	5.61	-0.46209	0.36957
924	5.615	-0.46393	0.36524
925	5.62	-0.46574	0.36092
926	5.625	-0.46754	0.35661
927	5.63	-0.46931	0.35231
928	5.635	-0.47106	0.34802
929	5.64	-0.47279	0.34374
930	5.645	-0.4745	0.33948
931	5.65	-0.47618	0.33522
932	5.655	-0.47785	0.33097
933	5.66	-0.47949	0.32674
934	5.665	-0.48112	0.32251
935	5.67	-0.48272	0.3183
936	5.675	-0.4843	0.3141
937	5.68	-0.48586	0.3099
938	5.685	-0.4874	0.30572
939	5.69	-0.48892	0.30155
940	5.695	-0.49041	0.29739
941	5.7	-0.49189	0.29324
942	5.705	-0.49335	0.2891
943	5.71	-0.49478	0.28497
944	5.715	-0.49619	0.28085
945	5.72	-0.49759	0.27675
946	5.725	-0.49896	0.27265
947	5.73	-0.50032	0.26857
948	5.735	-0.50165	0.26449
949	5.74	-0.50296	0.26049
950	5.745	-0.50425	0.25644
951	5.75	-0.50552	0.25234
952	5.755	-0.50678	0.24831
953	5.76	-0.50801	0.24429
954	5.765	-0.50922	0.24028
955	5.77	-0.51041	0.23629
956	5.775	-0.51158	0.2323
957	5.78	-0.51273	0.22833
958	5.785	-0.51387	0.22436
959	5.79	-0.51498	0.22041
960	5.795	-0.51607	0.21647
961	5.8	-0.51714	0.21254
962	5.805	-0.51819	0.20862
963	5.81	-0.51923	0.20471
964	5.815	-0.52024	0.20082
965	5.82	-0.52124	0.19693
966	5.825	-0.52221	0.19306
967	5.83	-0.52317	0.18919
968	5.835	-0.5241	0.18534
969	5.84	-0.52502	0.1815
970	5.845	-0.52592	0.17767
971	5.85	-0.5268	0.17386
972	5.855	-0.52766	0.17005
973	5.86	-0.5285	0.16625
974	5.865	-0.52932	0.16247
975	5.87	-0.53012	0.1587
976	5.875	-0.53091	0.15494
977	5.88	-0.53167	0.15119
978	5.885	-0.53242	0.14745
979	5.89	-0.53315	0.14372
980	5.895	-0.53386	0.14001
981	5.9	-0.53455	0.1363
982	5.905	-0.53522	0.13261
983	5.91	-0.53587	0.12893
984	5.915	-0.53651	0.12526
985	5.92	-0.53712	0.1216
986	5.925	-0.53772	0.11795
987	5.93	-0.5383	0.11431
988	5.935	-0.53887	0.11069
989	5.94	-0.53941	0.10708
990	5.945	-0.53994	0.10348
991	5.95	-0.54045	0.09989
992	5.955	-0.54094	0.09631
993	5.96	-0.54141	0.09274
994	5.965	-0.54186	0.08919
995	5.97	-0.5423	0.08564
996	5.975	-0.54272	0.08211
997	5.98	-0.54312	0.07859
998	5.985	-0.54351	0.07508
999	5.99	-0.54387	0.07158
1000	5.995	-0.54422	0.0681
1001	6	-0.54455	0.06462
1002	6.005	-0.54487	0.06116
1003	6.01	-0.54517	0.05771
1004	6.015	-0.54545	0.05427
1005	6.02	-0.54571	0.05084
1006	6.025	-0.54595	0.04742
1007	6.03	-0.54618	0.04401
1008	6.035	-0.54639	0.04062
1009	6.04	-0.54659	0.03724
1010	6.045	-0.54677	0.03387
1011	6.05	-0.54693	0.03051
1012	6.055	-0.54707	0.02716
1013	6.06	-0.5472	0.02382
1014	6.065	-0.54731	0.0205
1015	6.07	-0.5474	0.01719
1016	6.075	-0.54748	0.01389
1017	6.08	-0.54754	0.0106
1018	6.085	-0.54759	0.00732
1019	6.09	-0.54762	0.00405
1020	6.095	-0.54763	7.9488E-4
1021	6.1	-0.54762	-0.00245
1022	6.105	-0.5476	-0.00568
1023	6.11	-0.54757	-0.0089
1024	6.115	-0.54751	-0.01211
1025	6.12	-0.54745	-0.01531
1026	6.125	-0.54736	-0.0185
1027	6.13	-0.54726	-0.02167
1028	6.135	-0.54714	-0.02484
1029	6.14	-0.54701	-0.02799
1030	6.145	-0.54686	-0.03113
1031	6.15	-0.5467	-0.03426
1032	6.155	-0.54652	-0.03738
1033	6.16	-0.54633	-0.04048
1034	6.165	-0.54612	-0.04358
1035	6.17	-0.54589	-0.04666
1036	6.175	-0.54565	-0.04973
1037	6.18	-0.54539	-0.0528
1038	6.185	-0.54512	-0.05585
1039	6.19	-0.54484	-0.05888
1040	6.195	-0.54453	-0.06191
1041	6.2	-0.54422	-0.06493
1042	6.205	-0.54388	-0.06793
1043	6.21	-0.54354	-0.07093
1044	6.215	-0.54318	-0.07391
1045	6.22	-0.5428	-0.07688
1046	6.225	-0.54241	-0.07984
1047	6.23	-0.542	-0.08279
1048	6.235	-0.54158	-0.08573
1049	6.24	-0.54114	-0.08865
1050	6.245	-0.54069	-0.09157
1051	6.25	-0.54023	-0.09447
1052	6.255	-0.53975	-0.09737
1053	6.26	-0.53925	-0.10025
1054	6.265	-0.53874	-0.10312
1055	6.27	-0.53822	-0.10598
1056	6.275	-0.53769	-0.10883
1057	6.28	-0.53713	-0.11167
1058	6.285	-0.53657	-0.1145
1059	6.29	-0.53599	-0.11732
1060	6.295	-0.5354	-0.12012
1061	6.3	-0.53479	-0.12292
1062	6.305	-0.53417	-0.1257
1063	6.31	-0.53353	-0.12848
1064	6.315	-0.53288	-0.13124
1065	6.32	-0.53222	-0.13399
1066	6.325	-0.53154	-0.13674
1067	6.33	-0.53085	-0.13947
1068	6.335	-0.53015	-0.14219
1069	6.34	-0.52943	-0.1449
1070	6.345	-0.5287	-0.1476
1071	6.35	-0.52795	-0.15029
1072	6.355	-0.52719	-0.15297
1073	6.36	-0.52642	-0.15564
1074	6.365	-0.52564	-0.1583
1075	6.37	-0.52484	-0.16095
1076	6.375	-0.52403	-0.16359
1077	6.38	-0.5232	-0.16622
1078	6.385	-0.52237	-0.16884
1079	6.39	-0.52152	-0.17145
1080	6.395	-0.52065	-0.17405
1081	6.4	-0.51978	-0.17664
1082	6.405	-0.51889	-0.17922
1083	6.41	-0.51798	-0.18179
1084	6.415	-0.51707	-0.18435
1085	6.42	-0.51614	-0.1869
1086	6.425	-0.5152	-0.18944
1087	6.43	-0.51425	-0.19197
1088	6.435	-0.51328	-0.19449
1089	6.44	-0.5123	-0.197
1090	6.445	-0.51131	-0.1995
1091	6.45	-0.51031	-0.202
1092	6.455	-0.50929	-0.20448
1093	6.46	-0.50826	-0.20696
1094	6.465	-0.50722	-0.20942
1095	6.47	-0.50617	-0.21188
1096	6.475	-0.5051	-0.21433
1097	6.48	-0.50402	-0.21677
1098	6.485	-0.50293	-0.2192
1099	6.49	-0.50183	-0.22162
1100	6.495	-0.50072	-0.22403
1101	6.5	-0.49959	-0.22643
1102	6.505	-0.49845	-0.22883
1103	6.51	-0.4973	-0.23122
1104	6.515	-0.49614	-0.2336
1105	6.52	-0.49497	-0.23597
1106	6.525	-0.49378	-0.23833
1107	6.53	-0.49258	-0.24068
1108	6.535	-0.49137	-0.24303
1109	6.54	-0.49015	-0.24537
1110	6.545	-0.48892	-0.2477
1111	6.55	-0.48768	-0.25002
1112	6.555	-0.48642	-0.25233
1113	6.56	-0.48515	-0.25464
1114	6.565	-0.48387	-0.25694
1115	6.57	-0.48258	-0.25923
1116	6.575	-0.48128	-0.26152
1117	6.58	-0.47997	-0.26379
1118	6.585	-0.47864	-0.26606
1119	6.59	-0.47731	-0.26833
1120	6.595	-0.47596	-0.27058
1121	6.6	-0.4746	-0.27283
1122	6.605	-0.47323	-0.27507
1123	6.61	-0.47185	-0.27731
1124	6.615	-0.47046	-0.27954
1125	6.62	-0.46906	-0.28176
1126	6.625	-0.46764	-0.28398
1127	6.63	-0.46622	-0.28619
1128	6.635	-0.46478	-0.28839
1129	6.64	-0.46333	-0.29059
1130	6.645	-0.46187	-0.29278
1131	6.65	-0.4604	-0.29497
1132	6.655	-0.45892	-0.29715
1133	6.66	-0.45743	-0.29932
1134	6.665	-0.45593	-0.30149
1135	6.67	-0.45442	-0.30366
1136	6.675	-0.45289	-0.30582
1137	6.68	-0.45136	-0.30797
1138	6.685	-0.44981	-0.31012
1139	6.69	-0.44826	-0.31226
1140	6.695	-0.44669	-0.3144
1141	6.7	-0.44511	-0.31654
1142	6.705	-0.44353	-0.31867
1143	6.71	-0.44193	-0.32079
1144	6.715	-0.44032	-0.32291
1145	6.72	-0.4387	-0.32503
1146	6.725	-0.43707	-0.32714
1147	6.73	-0.43543	-0.32925
1148	6.735	-0.43378	-0.33136
1149	6.74	-0.43211	-0.33346
1150	6.745	-0.43044	-0.33555
1151	6.75	-0.42876	-0.33765
1152	6.755	-0.42706	-0.33974
1153	6.76	-0.42536	-0.34182
1154	6.765	-0.42365	-0.3439
1155	6.77	-0.42192	-0.34598
1156	6.775	-0.42019	-0.34806
1157	6.78	-0.41844	-0.35013
1158	6.785	-0.41669	-0.3522
1159	6.79	-0.41492	-0.35426
1160	6.795	-0.41314	-0.35633
1161	6.8	-0.41136	-0.35838
1162	6.805	-0.40956	-0.36044
1163	6.81	-0.40775	-0.36249
1164	6.815	-0.40593	-0.36454
1165	6.82	-0.40411	-0.36658
1166	6.825	-0.40227	-0.36862
1167	6.83	-0.40042	-0.37066
1168	6.835	-0.39856	-0.37269
1169	6.84	-0.39669	-0.37472
1170	6.845	-0.39481	-0.37674
1171	6.85	-0.39293	-0.37876
1172	6.855	-0.39103	-0.38077
1173	6.86	-0.38912	-0.38278
1174	6.865	-0.3872	-0.38478
1175	6.87	-0.38527	-0.38677
1176	6.875	-0.38333	-0.38876
1177	6.88	-0.38138	-0.39074
1178	6.885	-0.37942	-0.39271
1179	6.89	-0.37746	-0.39467
1180	6.895	-0.37548	-0.39662
1181	6.9	-0.37349	-0.39856
1182	6.905	-0.37149	-0.40049
1183	6.91	-0.36948	-0.40241
1184	6.915	-0.36747	-0.40432
1185	6.92	-0.36544	-0.40621
1186	6.925	-0.36341	-0.40808
1187	6.93	-0.36136	-0.40994
1188	6.935	-0.35931	-0.41178
1189	6.94	-0.35724	-0.41359
1190	6.945	-0.35517	-0.41539
1191	6.95	-0.35309	-0.41717
1192	6.955	-0.351	-0.41892
1193	6.96	-0.3489	-0.42065
1194	6.965	-0.34679	-0.42234
1195	6.97	-0.34468	-0.42401
1196	6.975	-0.34255	-0.42565
1197	6.98	-0.34042	-0.42726
1198	6.985	-0.33828	-0.42883
1199	6.99	-0.33613	-0.43037
1200	6.995	-0.33398	-0.43183
1201	7	-0.33181	-0.43305
1202	7.005	-0.32964	-0.43395
1203	7.01	-0.32747	-0.43462
1204	7.015	-0.3253	-0.43522
1205	7.02	-0.32312	-0.43579
1206	7.025	-0.32094	-0.43633
1207	7.03	-0.31876	-0.43685
1208	7.035	-0.31657	-0.43733
1209	7.04	-0.31438	-0.43779
1210	7.045	-0.31219	-0.43823
1211	7.05	-0.31	-0.43863
1212	7.055	-0.30781	-0.43901
1213	7.06	-0.30561	-0.43936
1214	7.065	-0.30341	-0.43969
1215	7.07	-0.30122	-0.43999
1216	7.075	-0.29901	-0.44026
1217	7.08	-0.29681	-0.4405
1218	7.085	-0.29461	-0.44072
1219	7.09	-0.29241	-0.44092
1220	7.095	-0.2902	-0.44108
1221	7.1	-0.28799	-0.44123
1222	7.105	-0.28579	-0.44134
1223	7.11	-0.28358	-0.44144
1224	7.115	-0.28137	-0.4415
1225	7.12	-0.27917	-0.44155
1226	7.125	-0.27696	-0.44156
1227	7.13	-0.27475	-0.44156
1228	7.135	-0.27254	-0.44153
1229	7.14	-0.27034	-0.44148
1230	7.145	-0.26813	-0.4414
1231	7.15	-0.26592	-0.44131
1232	7.155	-0.26371	-0.44119
1233	7.16	-0.26151	-0.44104
1234	7.165	-0.2593	-0.44088
1235	7.17	-0.2571	-0.44069
1236	7.175	-0.2549	-0.44048
1237	7.18	-0.2527	-0.44025
1238	7.185	-0.2505	-0.44
1239	7.19	-0.2483	-0.43973
1240	7.195	-0.2461	-0.43943
1241	7.2	-0.2439	-0.43912
1242	7.205	-0.24171	-0.43878
1243	7.21	-0.23951	-0.43842
1244	7.215	-0.23732	-0.43804
1245	7.22	-0.23513	-0.43765
1246	7.225	-0.23295	-0.43723
1247	7.23	-0.23076	-0.43679
1248	7.235	-0.22858	-0.43633
1249	7.24	-0.2264	-0.43585
1250	7.245	-0.22422	-0.43535
1251	7.25	-0.22204	-0.43484
1252	7.255	-0.21987	-0.4343
1253	7.26	-0.2177	-0.43374
1254	7.265	-0.21553	-0.43317
1255	7.27	-0.21337	-0.43258
1256	7.275	-0.21121	-0.43196
1257	7.28	-0.20905	-0.43133
1258	7.285	-0.20689	-0.43069
1259	7.29	-0.20474	-0.43002
1260	7.295	-0.20259	-0.42933
1261	7.3	-0.20045	-0.42863
1262	7.305	-0.19831	-0.42791
1263	7.31	-0.19617	-0.42717
1264	7.315	-0.19404	-0.42641
1265	7.32	-0.19191	-0.42564
1266	7.325	-0.18978	-0.42485
1267	7.33	-0.18766	-0.42404
1268	7.335	-0.18554	-0.42321
1269	7.34	-0.18343	-0.42237
1270	7.345	-0.18132	-0.42151
1271	7.35	-0.17921	-0.42063
1272	7.355	-0.17711	-0.41974
1273	7.36	-0.17501	-0.41883
1274	7.365	-0.17292	-0.4179
1275	7.37	-0.17083	-0.41696
1276	7.375	-0.16875	-0.416
1277	7.38	-0.16667	-0.41502
1278	7.385	-0.1646	-0.41403
1279	7.39	-0.16253	-0.41303
1280	7.395	-0.16047	-0.412
1281	7.4	-0.15841	-0.41097
1282	7.405	-0.15636	-0.40991
1283	7.41	-0.15431	-0.40884
1284	7.415	-0.15227	-0.40776
1285	7.42	-0.15024	-0.40666
1286	7.425	-0.14821	-0.40555
1287	7.43	-0.14618	-0.40442
1288	7.435	-0.14416	-0.40327
1289	7.44	-0.14215	-0.40211
1290	7.445	-0.14014	-0.40094
1291	7.45	-0.13814	-0.39975
1292	7.455	-0.13614	-0.39855
1293	7.46	-0.13415	-0.39734
1294	7.465	-0.13217	-0.39611
1295	7.47	-0.13019	-0.39486
1296	7.475	-0.12822	-0.39361
1297	7.48	-0.12626	-0.39234
1298	7.485	-0.1243	-0.39105
1299	7.49	-0.12235	-0.38975
1300	7.495	-0.1204	-0.38844
1301	7.5	-0.11846	-0.38712
1302	7.505	-0.11653	-0.38578
1303	7.51	-0.1146	-0.38443
1304	7.515	-0.11269	-0.38307
1305	7.52	-0.11077	-0.3817
1306	7.525	-0.10887	-0.38031
1307	7.53	-0.10697	-0.37891
1308	7.535	-0.10508	-0.3775
1309	7.54	-0.1032	-0.37608
1310	7.545	-0.10132	-0.37465
1311	7.55	-0.09945	-0.3732
1312	7.555	-0.09759	-0.37174
1313	7.56	-0.09573	-0.37028
1314	7.565	-0.09388	-0.3688
1315	7.57	-0.09204	-0.36731
1316	7.575	-0.09021	-0.36581
1317	7.58	-0.08839	-0.3643
1318	7.585	-0.08657	-0.36278
1319	7.59	-0.08476	-0.36125
1320	7.595	-0.08295	-0.35971
1321	7.6	-0.08116	-0.35816
1322	7.605	-0.07937	-0.3566
1323	7.61	-0.07759	-0.35503
1324	7.615	-0.07582	-0.35345
1325	7.62	-0.07406	-0.35187
1326	7.625	-0.0723	-0.35027
1327	7.63	-0.07056	-0.34867
1328	7.635	-0.06882	-0.34706
1329	7.64	-0.06709	-0.34544
1330	7.645	-0.06536	-0.34381
1331	7.65	-0.06365	-0.34217
1332	7.655	-0.06194	-0.34053
1333	7.66	-0.06024	-0.33888
1334	7.665	-0.05855	-0.33722
1335	7.67	-0.05687	-0.33556
1336	7.675	-0.0552	-0.33388
1337	7.68	-0.05353	-0.3322
1338	7.685	-0.05188	-0.33052
1339	7.69	-0.05023	-0.32882
1340	7.695	-0.04859	-0.32712
1341	7.7	-0.04696	-0.32542
1342	7.705	-0.04533	-0.3237
1343	7.71	-0.04372	-0.32199
1344	7.715	-0.04211	-0.32026
1345	7.72	-0.04052	-0.31853
1346	7.725	-0.03893	-0.3168
1347	7.73	-0.03735	-0.31506
1348	7.735	-0.03578	-0.31331
1349	7.74	-0.03421	-0.31156
1350	7.745	-0.03266	-0.30981
1351	7.75	-0.03112	-0.30805
1352	7.755	-0.02958	-0.30629
1353	7.76	-0.02805	-0.30452
1354	7.765	-0.02654	-0.30275
1355	7.77	-0.02503	-0.30098
1356	7.775	-0.02353	-0.2992
1357	7.78	-0.02203	-0.29743
1358	7.785	-0.02055	-0.29565
1359	7.79	-0.01908	-0.29386
1360	7.795	-0.01761	-0.29208
1361	7.8	-0.01616	-0.29029
1362	7.805	-0.01471	-0.2885
1363	7.81	-0.01327	-0.28671
1364	7.815	-0.01184	-0.28492
1365	7.82	-0.01042	-0.28313
1366	7.825	-0.00901	-0.28134
1367	7.83	-0.00761	-0.27955
1368	7.835	-0.00622	-0.27776
1369	7.84	-0.00483	-0.27597
1370	7.845	-0.00346	-0.27417
1371	7.85	-0.00209	-0.27238
1372	7.855	-7.32624E-4	-0.27059
1373	7.86	6.15876E-4	-0.26881
1374	7.865	0.00196	-0.26702
1375	7.87	0.00329	-0.26523
1376	7.875	0.00461	-0.26345
1377	7.88	0.00592	-0.26167
1378	7.885	0.00722	-0.25988
1379	7.89	0.00852	-0.25811
1380	7.895	0.00981	-0.25633
1381	7.9	0.01108	-0.25455
1382	7.905	0.01235	-0.25278
1383	7.91	0.01361	-0.25101
1384	7.915	0.01486	-0.24925
1385	7.92	0.0161	-0.24748
1386	7.925	0.01734	-0.24572
1387	7.93	0.01856	-0.24396
1388	7.935	0.01978	-0.24221
1389	7.94	0.02098	-0.24045
1390	7.945	0.02218	-0.23871
1391	7.95	0.02337	-0.23696
1392	7.955	0.02455	-0.23522
1393	7.96	0.02572	-0.23348
1394	7.965	0.02688	-0.23174
1395	7.97	0.02804	-0.23001
1396	7.975	0.02918	-0.22828
1397	7.98	0.03032	-0.22656
1398	7.985	0.03145	-0.22484
1399	7.99	0.03257	-0.22312
1400	7.995	0.03368	-0.22141
1401	8	0.03478	-0.2197
1402	8.005	0.03588	-0.218
1403	8.01	0.03696	-0.2163
1404	8.015	0.03804	-0.2146
1405	8.02	0.03911	-0.21291
1406	8.025	0.04017	-0.21122
1407	8.03	0.04122	-0.20954
1408	8.035	0.04227	-0.20786
1409	8.04	0.0433	-0.20619
1410	8.045	0.04433	-0.20452
1411	8.05	0.04535	-0.20286
1412	8.055	0.04636	-0.2012
1413	8.06	0.04736	-0.19955
1414	8.065	0.04835	-0.1979
1415	8.07	0.04934	-0.19626
1416	8.075	0.05031	-0.19462
1417	8.08	0.05128	-0.19299
1418	8.085	0.05224	-0.19137
1419	8.09	0.0532	-0.18975
1420	8.095	0.05414	-0.18814
1421	8.1	0.05508	-0.18653
1422	8.105	0.05601	-0.18493
1423	8.11	0.05693	-0.18334
1424	8.115	0.05784	-0.18175
1425	8.12	0.05875	-0.18017
1426	8.125	0.05964	-0.1786
1427	8.13	0.06053	-0.17703
1428	8.135	0.06141	-0.17547
1429	8.14	0.06229	-0.17392
1430	8.145	0.06315	-0.17238
1431	8.15	0.06401	-0.17084
1432	8.155	0.06486	-0.16931
1433	8.16	0.0657	-0.16778
1434	8.165	0.06654	-0.16627
1435	8.17	0.06737	-0.16476
1436	8.175	0.06819	-0.16325
1437	8.18	0.069	-0.16176
1438	8.185	0.0698	-0.16027
1439	8.19	0.0706	-0.1588
1440	8.195	0.07139	-0.15733
1441	8.2	0.07217	-0.15586
1442	8.205	0.07295	-0.15441
1443	8.21	0.07372	-0.15296
1444	8.215	0.07448	-0.15152
1445	8.22	0.07523	-0.15009
1446	8.225	0.07598	-0.14866
1447	8.23	0.07672	-0.14725
1448	8.235	0.07745	-0.14584
1449	8.24	0.07818	-0.14444
1450	8.245	0.0789	-0.14305
1451	8.25	0.07961	-0.14167
1452	8.255	0.08031	-0.14029
1453	8.26	0.08101	-0.13892
1454	8.265	0.0817	-0.13757
1455	8.27	0.08239	-0.13622
1456	8.275	0.08307	-0.13487
1457	8.28	0.08374	-0.13354
1458	8.285	0.0844	-0.13221
1459	8.29	0.08506	-0.1309
1460	8.295	0.08571	-0.12959
1461	8.3	0.08635	-0.12829
1462	8.305	0.08699	-0.12699
1463	8.31	0.08762	-0.12571
1464	8.315	0.08825	-0.12443
1465	8.32	0.08887	-0.12317
1466	8.325	0.08948	-0.12191
1467	8.33	0.09009	-0.12066
1468	8.335	0.09069	-0.11941
1469	8.34	0.09128	-0.11818
1470	8.345	0.09187	-0.11695
1471	8.35	0.09245	-0.11573
1472	8.355	0.09303	-0.11452
1473	8.36	0.0936	-0.11331
1474	8.365	0.09416	-0.11212
1475	8.37	0.09472	-0.11093
1476	8.375	0.09527	-0.10975
1477	8.38	0.09582	-0.10858
1478	8.385	0.09636	-0.10742
1479	8.39	0.09689	-0.10626
1480	8.395	0.09742	-0.10511
1481	8.4	0.09794	-0.10397
1482	8.405	0.09846	-0.10284
1483	8.41	0.09897	-0.10171
1484	8.415	0.09947	-0.1006
1485	8.42	0.09997	-0.09949
1486	8.425	0.10047	-0.09838
1487	8.43	0.10096	-0.09729
1488	8.435	0.10144	-0.0962
1489	8.44	0.10192	-0.09512
1490	8.445	0.10239	-0.09405
1491	8.45	0.10286	-0.09299
1492	8.455	0.10332	-0.09193
1493	8.46	0.10378	-0.09088
1494	8.465	0.10423	-0.08984
1495	8.47	0.10468	-0.0888
1496	8.475	0.10512	-0.08778
1497	8.48	0.10556	-0.08676
1498	8.485	0.10599	-0.08574
1499	8.49	0.10641	-0.08474
1500	8.495	0.10684	-0.08374
1501	8.5	0.10725	-0.08275
1502	8.505	0.10766	-0.08176
1503	8.51	0.10807	-0.08078
1504	8.515	0.10847	-0.07981
1505	8.52	0.10887	-0.07885
1506	8.525	0.10926	-0.07789
1507	8.53	0.10965	-0.07693
1508	8.535	0.11003	-0.07599
1509	8.54	0.11041	-0.07505
1510	8.545	0.11078	-0.07412
1511	8.55	0.11115	-0.07319
1512	8.555	0.11151	-0.07227
1513	8.56	0.11187	-0.07135
1514	8.565	0.11222	-0.07045
1515	8.57	0.11257	-0.06954
1516	8.575	0.11292	-0.06865
1517	8.58	0.11326	-0.06775
1518	8.585	0.1136	-0.06687
1519	8.59	0.11393	-0.06599
1520	8.595	0.11426	-0.06511
1521	8.6	0.11458	-0.06424
1522	8.605	0.1149	-0.06338
1523	8.61	0.11521	-0.06252
1524	8.615	0.11552	-0.06166
1525	8.62	0.11583	-0.06081
1526	8.625	0.11613	-0.05997
1527	8.63	0.11643	-0.05912
1528	8.635	0.11672	-0.05829
1529	8.64	0.11701	-0.05746
1530	8.645	0.1173	-0.05663
1531	8.65	0.11758	-0.0558
1532	8.655	0.11786	-0.05498
1533	8.66	0.11813	-0.05417
1534	8.665	0.1184	-0.05336
1535	8.67	0.11866	-0.05255
1536	8.675	0.11892	-0.05175
1537	8.68	0.11918	-0.05095
1538	8.685	0.11943	-0.05016
1539	8.69	0.11968	-0.04937
1540	8.695	0.11993	-0.04858
1541	8.7	0.12017	-0.0478
1542	8.705	0.1204	-0.04702
1543	8.71	0.12064	-0.04624
1544	8.715	0.12087	-0.04547
1545	8.72	0.12109	-0.0447
1546	8.725	0.12131	-0.04394
1547	8.73	0.12153	-0.04318
1548	8.735	0.12175	-0.04242
1549	8.74	0.12196	-0.04167
1550	8.745	0.12216	-0.04092
1551	8.75	0.12237	-0.04017
1552	8.755	0.12256	-0.03942
1553	8.76	0.12276	-0.03868
1554	8.765	0.12295	-0.03795
1555	8.77	0.12314	-0.03721
1556	8.775	0.12332	-0.03648
1557	8.78	0.1235	-0.03575
1558	8.785	0.12368	-0.03503
1559	8.79	0.12385	-0.03431
1560	8.795	0.12402	-0.03359
1561	8.8	0.12419	-0.03287
1562	8.805	0.12435	-0.03216
1563	8.81	0.12451	-0.03145
1564	8.815	0.12467	-0.03074
1565	8.82	0.12482	-0.03003
1566	8.825	0.12497	-0.02933
1567	8.83	0.12511	-0.02863
1568	8.835	0.12525	-0.02793
1569	8.84	0.12539	-0.02723
1570	8.845	0.12553	-0.02654
1571	8.85	0.12566	-0.02585
1572	8.855	0.12578	-0.02516
1573	8.86	0.12591	-0.02447
1574	8.865	0.12603	-0.02378
1575	8.87	0.12615	-0.0231
1576	8.875	0.12626	-0.02241
1577	8.88	0.12637	-0.02173
1578	8.885	0.12648	-0.02105
1579	8.89	0.12658	-0.02038
1580	8.895	0.12668	-0.0197
1581	8.9	0.12678	-0.01902
1582	8.905	0.12687	-0.01835
1583	8.91	0.12696	-0.01767
1584	8.915	0.12705	-0.017
1585	8.92	0.12713	-0.01633
1586	8.925	0.12721	-0.01566
1587	8.93	0.12729	-0.01499
1588	8.935	0.12736	-0.01432
1589	8.94	0.12743	-0.01366
1590	8.945	0.1275	-0.01299
1591	8.95	0.12756	-0.01232
1592	8.955	0.12762	-0.01166
1593	8.96	0.12768	-0.011
1594	8.965	0.12773	-0.01034
1595	8.97	0.12778	-0.00968
1596	8.975	0.12783	-0.00902
1597	8.98	0.12787	-0.00836
1598	8.985	0.12791	-0.0077
1599	8.99	0.12795	-0.00705
1600	8.995	0.12798	-0.00639
1601	9	0.12801	-0.00574
1602	9.005	0.12804	-0.00509
1603	9.01	0.12806	-0.00444
1604	9.015	0.12808	-0.00379
1605	9.02	0.1281	-0.00314
1606	9.025	0.12812	-0.0025
1607	9.03	0.12813	-0.00185
1608	9.035	0.12813	-0.00121
1609	9.04	0.12814	-5.65786E-4
1610	9.045	0.12814	7.48577E-5
1611	9.05	0.12814	7.1427E-4
1612	9.055	0.12813	0.00135
1613	9.06	0.12812	0.00199
1614	9.065	0.12811	0.00263
1615	9.07	0.1281	0.00326
1616	9.075	0.12808	0.00389
1617	9.08	0.12806	0.00453
1618	9.085	0.12803	0.00516
1619	9.09	0.12801	0.00579
1620	9.095	0.12798	0.00642
1621	9.1	0.12794	0.00705
1622	9.105	0.12791	0.00768
1623	9.11	0.12787	0.0083
1624	9.115	0.12782	0.00893
1625	9.12	0.12778	0.00956
1626	9.125	0.12773	0.01018
1627	9.13	0.12768	0.01081
1628	9.135	0.12762	0.01143
1629	9.14	0.12756	0.01206
1630	9.145	0.1275	0.01268
1631	9.15	0.12743	0.0133
1632	9.155	0.12737	0.01393
1633	9.16	0.12729	0.01455
1634	9.165	0.12722	0.01517
1635	9.17	0.12714	0.01579
1636	9.175	0.12706	0.01641
1637	9.18	0.12698	0.01703
1638	9.185	0.12689	0.01765
1639	9.19	0.1268	0.01827
1640	9.195	0.12671	0.01888
1641	9.2	0.12661	0.0195
1642	9.205	0.12651	0.02012
1643	9.21	0.12641	0.02073
1644	9.215	0.12631	0.02134
1645	9.22	0.1262	0.02196
1646	9.225	0.12609	0.02257
1647	9.23	0.12597	0.02318
1648	9.235	0.12586	0.02379
1649	9.24	0.12574	0.0244
1650	9.245	0.12561	0.02501
1651	9.25	0.12549	0.02561
1652	9.255	0.12536	0.02622
1653	9.26	0.12522	0.02682
1654	9.265	0.12509	0.02743
1655	9.27	0.12495	0.02803
1656	9.275	0.12481	0.02863
1657	9.28	0.12466	0.02922
1658	9.285	0.12452	0.02982
1659	9.29	0.12436	0.03041
1660	9.295	0.12421	0.031
1661	9.3	0.12405	0.03159
1662	9.305	0.12389	0.03218
1663	9.31	0.12373	0.03277
1664	9.315	0.12357	0.03335
1665	9.32	0.1234	0.03393
1666	9.325	0.12323	0.03451
1667	9.33	0.12305	0.03508
1668	9.335	0.12288	0.03566
1669	9.34	0.1227	0.03623
1670	9.345	0.12251	0.03679
1671	9.35	0.12233	0.03735
1672	9.355	0.12214	0.03791
1673	9.36	0.12195	0.03847
1674	9.365	0.12176	0.03902
1675	9.37	0.12156	0.03957
1676	9.375	0.12136	0.04011
1677	9.38	0.12116	0.04065
1678	9.385	0.12095	0.04119
1679	9.39	0.12075	0.04172
1680	9.395	0.12054	0.04224
1681	9.4	0.12032	0.04276
1682	9.405	0.12011	0.04328
1683	9.41	0.11989	0.04379
1684	9.415	0.11967	0.04429
1685	9.42	0.11945	0.04479
1686	9.425	0.11922	0.04528
1687	9.43	0.119	0.04577
1688	9.435	0.11877	0.04625
1689	9.44	0.11853	0.04673
1690	9.445	0.1183	0.0472
1691	9.45	0.11806	0.04766
1692	9.455	0.11782	0.04812
1693	9.46	0.11758	0.04857
1694	9.465	0.11734	0.04901
1695	9.47	0.11709	0.04945
1696	9.475	0.11684	0.04988
1697	9.48	0.11659	0.0503
1698	9.485	0.11634	0.05072
1699	9.49	0.11608	0.05113
1700	9.495	0.11583	0.05153
1701	9.5	0.11557	0.05192
1702	9.505	0.11531	0.05231
1703	9.51	0.11505	0.05269
1704	9.515	0.11478	0.05306
1705	9.52	0.11452	0.05342
1706	9.525	0.11425	0.05378
1707	9.53	0.11398	0.05413
1708	9.535	0.11371	0.05447
1709	9.54	0.11343	0.0548
1710	9.545	0.11316	0.05512
1711	9.55	0.11288	0.05544
1712	9.555	0.1126	0.05575
1713	9.56	0.11232	0.05605
1714	9.565	0.11204	0.05634
1715	9.57	0.11176	0.05662
1716	9.575	0.11148	0.0569
1717	9.58	0.11119	0.05716
1718	9.585	0.11091	0.05742
1719	9.59	0.11062	0.05767
1720	9.595	0.11033	0.05791
1721	9.6	0.11004	0.05814
1722	9.605	0.10975	0.05836
1723	9.61	0.10946	0.05857
1724	9.615	0.10916	0.05878
1725	9.62	0.10887	0.05897
1726	9.625	0.10857	0.05916
1727	9.63	0.10828	0.05933
1728	9.635	0.10798	0.0595
1729	9.64	0.10768	0.05966
1730	9.645	0.10738	0.0598
1731	9.65	0.10708	0.05994
1732	9.655	0.10678	0.06007
1733	9.66	0.10648	0.06019
1734	9.665	0.10618	0.0603
1735	9.67	0.10588	0.0604
1736	9.675	0.10558	0.06049
1737	9.68	0.10527	0.06058
1738	9.685	0.10497	0.06065
1739	9.69	0.10467	0.06071
1740	9.695	0.10436	0.06077
1741	9.7	0.10406	0.06081
1742	9.705	0.10376	0.06084
1743	9.71	0.10345	0.06087
1744	9.715	0.10315	0.06089
1745	9.72	0.10284	0.06089
1746	9.725	0.10254	0.06089
1747	9.73	0.10223	0.06088
1748	9.735	0.10193	0.06086
1749	9.74	0.10163	0.06083
1750	9.745	0.10132	0.06079
1751	9.75	0.10102	0.06074
1752	9.755	0.10071	0.06068
1753	9.76	0.10041	0.06062
1754	9.765	0.10011	0.06054
1755	9.77	0.0998	0.06046
1756	9.775	0.0995	0.06037
1757	9.78	0.0992	0.06027
1758	9.785	0.0989	0.06016
1759	9.79	0.0986	0.06004
1760	9.795	0.0983	0.05991
1761	9.8	0.098	0.05977
1762	9.805	0.0977	0.05963
1763	9.81	0.0974	0.05948
1764	9.815	0.09711	0.05932
1765	9.82	0.09681	0.05915
1766	9.825	0.09652	0.05897
1767	9.83	0.09622	0.05878
1768	9.835	0.09593	0.05859
1769	9.84	0.09564	0.05839
1770	9.845	0.09534	0.05818
1771	9.85	0.09505	0.05796
1772	9.855	0.09476	0.05773
1773	9.86	0.09448	0.0575
1774	9.865	0.09419	0.05726
1775	9.87	0.0939	0.05701
1776	9.875	0.09362	0.05675
1777	9.88	0.09334	0.05648
1778	9.885	0.09305	0.05621
1779	9.89	0.09277	0.05592
1780	9.895	0.0925	0.05563
1781	9.9	0.09222	0.05534
1782	9.905	0.09194	0.05503
1783	9.91	0.09167	0.05472
1784	9.915	0.09139	0.05439
1785	9.92	0.09112	0.05406
1786	9.925	0.09085	0.05372
1787	9.93	0.09059	0.05338
1788	9.935	0.09032	0.05302
1789	9.94	0.09006	0.05266
1790	9.945	0.08979	0.05229
1791	9.95	0.08953	0.05191
1792	9.955	0.08927	0.05153
1793	9.96	0.08902	0.05114
1794	9.965	0.08876	0.05073
1795	9.97	0.08851	0.05033
1796	9.975	0.08826	0.04991
1797	9.98	0.08801	0.04948
1798	9.985	0.08777	0.04905
1799	9.99	0.08752	0.04861
1800	9.995	0.08728	0.04817
1801	10	0.08704	0.04771
1802	10.005	0.0868	0.04725
1803	10.01	0.08657	0.04679
1804	10.015	0.08633	0.04631
1805	10.02	0.0861	0.04583
1806	10.025	0.08588	0.04534
1807	10.03	0.08565	0.04485
1808	10.035	0.08543	0.04434
1809	10.04	0.08521	0.04384
1810	10.045	0.08499	0.04332
1811	10.05	0.08477	0.0428
1812	10.055	0.08456	0.04228
1813	10.06	0.08435	0.04174
1814	10.065	0.08414	0.04121
1815	10.07	0.08394	0.04066
1816	10.075	0.08374	0.04012
1817	10.08	0.08354	0.03956
1818	10.085	0.08334	0.03901
1819	10.09	0.08315	0.03844
1820	10.095	0.08296	0.03788
1821	10.1	0.08277	0.03731
1822	10.105	0.08258	0.03673
1823	10.11	0.0824	0.03616
1824	10.115	0.08222	0.03557
1825	10.12	0.08205	0.03499
1826	10.125	0.08187	0.0344
1827	10.13	0.0817	0.03381
1828	10.135	0.08153	0.03322
1829	10.14	0.08137	0.03262
1830	10.145	0.08121	0.03202
1831	10.15	0.08105	0.03142
1832	10.155	0.08089	0.03082
1833	10.16	0.08074	0.03021
1834	10.165	0.08059	0.02961
1835	10.17	0.08045	0.029
1836	10.175	0.0803	0.02839
1837	10.18	0.08016	0.02778
1838	10.185	0.08002	0.02717
1839	10.19	0.07989	0.02656
1840	10.195	0.07976	0.02594
1841	10.2	0.07963	0.02533
1842	10.205	0.0795	0.02471
1843	10.21	0.07938	0.0241
1844	10.215	0.07926	0.02348
1845	10.22	0.07915	0.02287
1846	10.225	0.07904	0.02225
1847	10.23	0.07893	0.02164
1848	10.235	0.07882	0.02103
1849	10.24	0.07872	0.02041
1850	10.245	0.07861	0.0198
1851	10.25	0.07852	0.01919
1852	10.255	0.07842	0.01858
1853	10.26	0.07833	0.01797
1854	10.265	0.07824	0.01736
1855	10.27	0.07816	0.01676
1856	10.275	0.07808	0.01616
1857	10.28	0.078	0.01556
1858	10.285	0.07792	0.01496
1859	10.29	0.07785	0.01436
1860	10.295	0.07778	0.01377
1861	10.3	0.07771	0.01318
1862	10.305	0.07764	0.0126
1863	10.31	0.07758	0.01201
1864	10.315	0.07752	0.01143
1865	10.32	0.07747	0.01086
1866	10.325	0.07742	0.01029
1867	10.33	0.07737	0.00972
1868	10.335	0.07732	0.00915
1869	10.34	0.07727	0.00859
1870	10.345	0.07723	0.00804
1871	10.35	0.07719	0.00749
1872	10.355	0.07716	0.00694
1873	10.36	0.07712	0.0064
1874	10.365	0.07709	0.00586
1875	10.37	0.07707	0.00533
1876	10.375	0.07704	0.00481
1877	10.38	0.07702	0.00429
1878	10.385	0.077	0.00377
1879	10.39	0.07698	0.00326
1880	10.395	0.07697	0.00275
1881	10.4	0.07695	0.00225
1882	10.405	0.07694	0.00176
1883	10.41	0.07693	0.00127
1884	10.415	0.07693	7.86584E-4
1885	10.42	0.07693	3.08388E-4
1886	10.425	0.07693	-1.64344E-4
1887	10.43	0.07693	-6.31604E-4
1888	10.435	0.07693	-0.00109
1889	10.44	0.07694	-0.00155
1890	10.445	0.07695	-0.002
1891	10.45	0.07696	-0.00245
1892	10.455	0.07697	-0.00289
1893	10.46	0.07699	-0.00332
1894	10.465	0.07701	-0.00375
1895	10.47	0.07703	-0.00417
1896	10.475	0.07705	-0.00459
1897	10.48	0.07707	-0.005
1898	10.485	0.0771	-0.00541
1899	10.49	0.07713	-0.00581
1900	10.495	0.07716	-0.00621
1901	10.5	0.07719	-0.0066
1902	10.505	0.07722	-0.00698
1903	10.51	0.07726	-0.00736
1904	10.515	0.0773	-0.00774
1905	10.52	0.07734	-0.00811
1906	10.525	0.07738	-0.00847
1907	10.53	0.07742	-0.00883
1908	10.535	0.07747	-0.00919
1909	10.54	0.07751	-0.00954
1910	10.545	0.07756	-0.00988
1911	10.55	0.07761	-0.01022
1912	10.555	0.07766	-0.01056
1913	10.56	0.07772	-0.01089
1914	10.565	0.07777	-0.01122
1915	10.57	0.07783	-0.01154
1916	10.575	0.07789	-0.01186
1917	10.58	0.07795	-0.01217
1918	10.585	0.07801	-0.01248
1919	10.59	0.07807	-0.01278
1920	10.595	0.07814	-0.01308
1921	10.6	0.0782	-0.01338
1922	10.605	0.07827	-0.01367
1923	10.61	0.07834	-0.01396
1924	10.615	0.07841	-0.01425
1925	10.62	0.07848	-0.01453
1926	10.625	0.07856	-0.01481
1927	10.63	0.07863	-0.01508
1928	10.635	0.07871	-0.01535
1929	10.64	0.07878	-0.01562
1930	10.645	0.07886	-0.01588
1931	10.65	0.07894	-0.01614
1932	10.655	0.07902	-0.0164
1933	10.66	0.07911	-0.01665
1934	10.665	0.07919	-0.0169
1935	10.67	0.07928	-0.01715
1936	10.675	0.07936	-0.01739
1937	10.68	0.07945	-0.01763
1938	10.685	0.07954	-0.01786
1939	10.69	0.07963	-0.01809
1940	10.695	0.07972	-0.01832
1941	10.7	0.07981	-0.01855
1942	10.705	0.0799	-0.01877
1943	10.71	0.08	-0.01899
1944	10.715	0.08009	-0.0192
1945	10.72	0.08019	-0.01942
1946	10.725	0.08029	-0.01962
1947	10.73	0.08039	-0.01983
1948	10.735	0.08049	-0.02003
1949	10.74	0.08059	-0.02023
1950	10.745	0.08069	-0.02042
1951	10.75	0.08079	-0.02061
1952	10.755	0.0809	-0.0208
1953	10.76	0.081	-0.02098
1954	10.765	0.0811	-0.02116
1955	10.77	0.08121	-0.02133
1956	10.775	0.08132	-0.0215
1957	10.78	0.08143	-0.02167
1958	10.785	0.08153	-0.02184
1959	10.79	0.08164	-0.02199
1960	10.795	0.08175	-0.02215
1961	10.8	0.08187	-0.0223
1962	10.805	0.08198	-0.02245
1963	10.81	0.08209	-0.02259
1964	10.815	0.0822	-0.02273
1965	10.82	0.08232	-0.02287
1966	10.825	0.08243	-0.023
1967	10.83	0.08255	-0.02313
1968	10.835	0.08266	-0.02325
1969	10.84	0.08278	-0.02338
1970	10.845	0.0829	-0.02349
1971	10.85	0.08302	-0.02361
1972	10.855	0.08313	-0.02372
1973	10.86	0.08325	-0.02382
1974	10.865	0.08337	-0.02393
1975	10.87	0.08349	-0.02403
1976	10.875	0.08361	-0.02413
1977	10.88	0.08373	-0.02422
1978	10.885	0.08385	-0.02431
1979	10.89	0.08398	-0.0244
1980	10.895	0.0841	-0.02449
1981	10.9	0.08422	-0.02457
1982	10.905	0.08434	-0.02465
1983	10.91	0.08447	-0.02472
1984	10.915	0.08459	-0.0248
1985	10.92	0.08472	-0.02487
1986	10.925	0.08484	-0.02493
1987	10.93	0.08496	-0.025
1988	10.935	0.08509	-0.02506
1989	10.94	0.08522	-0.02511
1990	10.945	0.08534	-0.02517
1991	10.95	0.08547	-0.02522
1992	10.955	0.08559	-0.02526
1993	10.96	0.08572	-0.02531
1994	10.965	0.08585	-0.02534
1995	10.97	0.08597	-0.02538
1996	10.975	0.0861	-0.02541
1997	10.98	0.08623	-0.02544
1998	10.985	0.08635	-0.02547
1999	10.99	0.08648	-0.02549
2000	10.995	0.08661	-0.0255
2001	11	0.08674	-0.02552
2002	11.005	0.08686	-0.02553
2003	11.01	0.08699	-0.02553
2004	11.015	0.08712	-0.02553
2005	11.02	0.08725	-0.02553
2006	11.025	0.08738	-0.02552
2007	11.03	0.0875	-0.02551
2008	11.035	0.08763	-0.02549
2009	11.04	0.08776	-0.02547
2010	11.045	0.08788	-0.02544
2011	11.05	0.08801	-0.02541
2012	11.055	0.08814	-0.02537
2013	11.06	0.08827	-0.02533
2014	11.065	0.08839	-0.02529
2015	11.07	0.08852	-0.02524
2016	11.075	0.08864	-0.02519
2017	11.08	0.08877	-0.02513
2018	11.085	0.0889	-0.02506
2019	11.09	0.08902	-0.02499
2020	11.095	0.08915	-0.02492
2021	11.1	0.08927	-0.02484
2022	11.105	0.08939	-0.02476
2023	11.11	0.08952	-0.02467
2024	11.115	0.08964	-0.02458
2025	11.12	0.08976	-0.02448
2026	11.125	0.08989	-0.02438
2027	11.13	0.09001	-0.02427
2028	11.135	0.09013	-0.02416
2029	11.14	0.09025	-0.02404
2030	11.145	0.09037	-0.02392
2031	11.15	0.09049	-0.02379
2032	11.155	0.09061	-0.02366
2033	11.16	0.09072	-0.02352
2034	11.165	0.09084	-0.02338
2035	11.17	0.09096	-0.02324
2036	11.175	0.09107	-0.02308
2037	11.18	0.09119	-0.02293
2038	11.185	0.0913	-0.02277
2039	11.19	0.09142	-0.02261
2040	11.195	0.09153	-0.02244
2041	11.2	0.09164	-0.02226
2042	11.205	0.09175	-0.02208
2043	11.21	0.09186	-0.0219
2044	11.215	0.09197	-0.02171
2045	11.22	0.09208	-0.02152
2046	11.225	0.09219	-0.02133
2047	11.23	0.09229	-0.02112
2048	11.235	0.0924	-0.02092
2049	11.24	0.0925	-0.02071
2050	11.245	0.0926	-0.0205
2051	11.25	0.09271	-0.02028
2052	11.255	0.09281	-0.02005
2053	11.26	0.09291	-0.01983
2054	11.265	0.09301	-0.01959
2055	11.27	0.0931	-0.01936
2056	11.275	0.0932	-0.01912
2057	11.28	0.09329	-0.01887
2058	11.285	0.09339	-0.01862
2059	11.29	0.09348	-0.01837
2060	11.295	0.09357	-0.01811
2061	11.3	0.09366	-0.01785
2062	11.305	0.09375	-0.01758
2063	11.31	0.09384	-0.01731
2064	11.315	0.09392	-0.01704
2065	11.32	0.09401	-0.01676
2066	11.325	0.09409	-0.01648
2067	11.33	0.09417	-0.01619
2068	11.335	0.09425	-0.0159
2069	11.34	0.09433	-0.01561
2070	11.345	0.09441	-0.01531
2071	11.35	0.09448	-0.01501
2072	11.355	0.09456	-0.01471
2073	11.36	0.09463	-0.0144
2074	11.365	0.0947	-0.01408
2075	11.37	0.09477	-0.01377
2076	11.375	0.09484	-0.01345
2077	11.38	0.09491	-0.01313
2078	11.385	0.09497	-0.0128
2079	11.39	0.09504	-0.01247
2080	11.395	0.0951	-0.01214
2081	11.4	0.09516	-0.0118
2082	11.405	0.09521	-0.01146
2083	11.41	0.09527	-0.01112
2084	11.415	0.09533	-0.01077
2085	11.42	0.09538	-0.01042
2086	11.425	0.09543	-0.01007
2087	11.43	0.09548	-0.00972
2088	11.435	0.09553	-0.00936
2089	11.44	0.09557	-0.009
2090	11.445	0.09562	-0.00864
2091	11.45	0.09566	-0.00827
2092	11.455	0.0957	-0.00791
2093	11.46	0.09574	-0.00754
2094	11.465	0.09578	-0.00716
2095	11.47	0.09581	-0.00679
2096	11.475	0.09584	-0.00641
2097	11.48	0.09587	-0.00603
2098	11.485	0.0959	-0.00565
2099	11.49	0.09593	-0.00527
2100	11.495	0.09596	-0.00488
2101	11.5	0.09598	-0.0045
2102	11.505	0.096	-0.00411
2103	11.51	0.09602	-0.00372
2104	11.515	0.09604	-0.00332
2105	11.52	0.09605	-0.00293
2106	11.525	0.09607	-0.00253
2107	11.53	0.09608	-0.00213
2108	11.535	0.09609	-0.00173
2109	11.54	0.0961	-0.00133
2110	11.545	0.0961	-9.29264E-4
2111	11.55	0.09611	-5.24305E-4
2112	11.555	0.09611	-1.17766E-4
2113	11.56	0.09611	2.90331E-4
2114	11.565	0.0961	6.99968E-4
2115	11.57	0.0961	0.00111
2116	11.575	0.09609	0.00152
2117	11.58	0.09609	0.00194
2118	11.585	0.09607	0.00235
2119	11.59	0.09606	0.00277
2120	11.595	0.09605	0.00319
2121	11.6	0.09603	0.00361
2122	11.605	0.09601	0.00403
2123	11.61	0.09599	0.00445
2124	11.615	0.09597	0.00488
2125	11.62	0.09594	0.0053
2126	11.625	0.09591	0.00573
2127	11.63	0.09588	0.00616
2128	11.635	0.09585	0.00659
2129	11.64	0.09582	0.00702
2130	11.645	0.09578	0.00745
2131	11.65	0.09574	0.00789
2132	11.655	0.0957	0.00832
2133	11.66	0.09566	0.00876
2134	11.665	0.09561	0.00919
2135	11.67	0.09557	0.00963
2136	11.675	0.09552	0.01007
2137	11.68	0.09547	0.01051
2138	11.685	0.09541	0.01095
2139	11.69	0.09536	0.0114
2140	11.695	0.0953	0.01184
2141	11.7	0.09524	0.01228
2142	11.705	0.09518	0.01273
2143	11.71	0.09511	0.01317
2144	11.715	0.09504	0.01362
2145	11.72	0.09498	0.01407
2146	11.725	0.0949	0.01452
2147	11.73	0.09483	0.01497
2148	11.735	0.09475	0.01542
2149	11.74	0.09468	0.01587
2150	11.745	0.0946	0.01632
2151	11.75	0.09451	0.01677
2152	11.755	0.09443	0.01722
2153	11.76	0.09434	0.01767
2154	11.765	0.09425	0.01813
2155	11.77	0.09416	0.01858
2156	11.775	0.09407	0.01903
2157	11.78	0.09397	0.01949
2158	11.785	0.09387	0.01994
2159	11.79	0.09377	0.02039
2160	11.795	0.09367	0.02084
2161	11.8	0.09356	0.02129
2162	11.805	0.09345	0.02174
2163	11.81	0.09334	0.02219
2164	11.815	0.09323	0.02264
2165	11.82	0.09312	0.02309
2166	11.825	0.093	0.02354
2167	11.83	0.09288	0.02398
2168	11.835	0.09276	0.02443
2169	11.84	0.09264	0.02487
2170	11.845	0.09251	0.02531
2171	11.85	0.09238	0.02576
2172	11.855	0.09225	0.0262
2173	11.86	0.09212	0.02663
2174	11.865	0.09199	0.02707
2175	11.87	0.09185	0.0275
2176	11.875	0.09171	0.02794
2177	11.88	0.09157	0.02837
2178	11.885	0.09143	0.02879
2179	11.89	0.09128	0.02922
2180	11.895	0.09114	0.02964
2181	11.9	0.09099	0.03006
2182	11.905	0.09084	0.03048
2183	11.91	0.09068	0.0309
2184	11.915	0.09053	0.03131
2185	11.92	0.09037	0.03172
2186	11.925	0.09021	0.03213
2187	11.93	0.09005	0.03254
2188	11.935	0.08989	0.03294
2189	11.94	0.08972	0.03334
2190	11.945	0.08955	0.03374
2191	11.95	0.08938	0.03413
2192	11.955	0.08921	0.03452
2193	11.96	0.08904	0.03491
2194	11.965	0.08886	0.03529
2195	11.97	0.08868	0.03567
2196	11.975	0.08851	0.03605
2197	11.98	0.08832	0.03642
2198	11.985	0.08814	0.0368
2199	11.99	0.08796	0.03716
2200	11.995	0.08777	0.03753
2201	12	0.08758	0.03789
2202	12.005	0.08739	0.03824
2203	12.01	0.0872	0.0386
2204	12.015	0.087	0.03895
2205	12.02	0.08681	0.03929
2206	12.025	0.08661	0.03963
2207	12.03	0.08641	0.03997
2208	12.035	0.08621	0.04031
2209	12.04	0.08601	0.04064
2210	12.045	0.08581	0.04096
2211	12.05	0.0856	0.04129
2212	12.055	0.08539	0.04161
2213	12.06	0.08518	0.04192
2214	12.065	0.08497	0.04223
2215	12.07	0.08476	0.04254
2216	12.075	0.08455	0.04284
2217	12.08	0.08433	0.04314
2218	12.085	0.08412	0.04343
2219	12.09	0.0839	0.04372
2220	12.095	0.08368	0.04401
2221	12.1	0.08346	0.04429
2222	12.105	0.08324	0.04457
2223	12.11	0.08301	0.04484
2224	12.115	0.08279	0.04511
2225	12.12	0.08256	0.04538
2226	12.125	0.08233	0.04564
2227	12.13	0.08211	0.04589
2228	12.135	0.08188	0.04614
2229	12.14	0.08164	0.04639
2230	12.145	0.08141	0.04663
2231	12.15	0.08118	0.04687
2232	12.155	0.08094	0.04711
2233	12.16	0.08071	0.04734
2234	12.165	0.08047	0.04756
2235	12.17	0.08023	0.04778
2236	12.175	0.07999	0.048
2237	12.18	0.07975	0.04821
2238	12.185	0.07951	0.04842
2239	12.19	0.07927	0.04862
2240	12.195	0.07902	0.04882
2241	12.2	0.07878	0.04901
2242	12.205	0.07853	0.0492
2243	12.21	0.07829	0.04938
2244	12.215	0.07804	0.04956
2245	12.22	0.07779	0.04973
2246	12.225	0.07754	0.0499
2247	12.23	0.07729	0.05007
2248	12.235	0.07704	0.05022
2249	12.24	0.07679	0.05038
2250	12.245	0.07654	0.05053
2251	12.25	0.07628	0.05067
2252	12.255	0.07603	0.05081
2253	12.26	0.07578	0.05094
2254	12.265	0.07552	0.05107
2255	12.27	0.07527	0.0512
2256	12.275	0.07501	0.05132
2257	12.28	0.07475	0.05143
2258	12.285	0.07449	0.05154
2259	12.29	0.07424	0.05165
2260	12.295	0.07398	0.05174
2261	12.3	0.07372	0.05184
2262	12.305	0.07346	0.05193
2263	12.31	0.0732	0.05201
2264	12.315	0.07294	0.05209
2265	12.32	0.07268	0.05217
2266	12.325	0.07242	0.05224
2267	12.33	0.07216	0.05231
2268	12.335	0.0719	0.05237
2269	12.34	0.07163	0.05243
2270	12.345	0.07137	0.05248
2271	12.35	0.07111	0.05253
2272	12.355	0.07085	0.05257
2273	12.36	0.07058	0.05261
2274	12.365	0.07032	0.05265
2275	12.37	0.07006	0.05268
2276	12.375	0.06979	0.0527
2277	12.38	0.06953	0.05273
2278	12.385	0.06927	0.05274
2279	12.39	0.069	0.05276
2280	12.395	0.06874	0.05277
2281	12.4	0.06847	0.05277
2282	12.405	0.06821	0.05277
2283	12.41	0.06795	0.05277
2284	12.415	0.06768	0.05276
2285	12.42	0.06742	0.05275
2286	12.425	0.06715	0.05274
2287	12.43	0.06689	0.05272
2288	12.435	0.06663	0.0527
2289	12.44	0.06636	0.05267
2290	12.445	0.0661	0.05264
2291	12.45	0.06584	0.05261
2292	12.455	0.06558	0.05257
2293	12.46	0.06531	0.05253
2294	12.465	0.06505	0.05248
2295	12.47	0.06479	0.05244
2296	12.475	0.06453	0.05239
2297	12.48	0.06426	0.05233
2298	12.485	0.064	0.05227
2299	12.49	0.06374	0.05221
2300	12.495	0.06348	0.05215
2301	12.5	0.06322	0.05208
2302	12.505	0.06296	0.05201
2303	12.51	0.0627	0.05194
2304	12.515	0.06244	0.05187
2305	12.52	0.06218	0.05179
2306	12.525	0.06192	0.05171
2307	12.53	0.06166	0.05163
2308	12.535	0.06141	0.05154
2309	12.54	0.06115	0.05145
2310	12.545	0.06089	0.05136
2311	12.55	0.06063	0.05127
2312	12.555	0.06038	0.05117
2313	12.56	0.06012	0.05108
2314	12.565	0.05987	0.05098
2315	12.57	0.05961	0.05088
2316	12.575	0.05936	0.05077
2317	12.58	0.05911	0.05067
2318	12.585	0.05885	0.05056
2319	12.59	0.0586	0.05045
2320	12.595	0.05835	0.05033
2321	12.6	0.0581	0.05022
2322	12.605	0.05785	0.0501
2323	12.61	0.0576	0.04999
2324	12.615	0.05735	0.04986
2325	12.62	0.0571	0.04974
2326	12.625	0.05685	0.04962
2327	12.63	0.0566	0.04949
2328	12.635	0.05635	0.04936
2329	12.64	0.05611	0.04923
2330	12.645	0.05586	0.0491
2331	12.65	0.05562	0.04897
2332	12.655	0.05537	0.04884
2333	12.66	0.05513	0.0487
2334	12.665	0.05488	0.04856
2335	12.67	0.05464	0.04842
2336	12.675	0.0544	0.04828
2337	12.68	0.05416	0.04814
2338	12.685	0.05392	0.048
2339	12.69	0.05368	0.04786
2340	12.695	0.05344	0.04771
2341	12.7	0.0532	0.04757
2342	12.705	0.05296	0.04742
2343	12.71	0.05273	0.04727
2344	12.715	0.05249	0.04712
2345	12.72	0.05226	0.04697
2346	12.725	0.05202	0.04682
2347	12.73	0.05179	0.04667
2348	12.735	0.05156	0.04652
2349	12.74	0.05132	0.04636
2350	12.745	0.05109	0.04621
2351	12.75	0.05086	0.04605
2352	12.755	0.05063	0.0459
2353	12.76	0.0504	0.04574
2354	12.765	0.05017	0.04558
2355	12.77	0.04995	0.04542
2356	12.775	0.04972	0.04526
2357	12.78	0.04949	0.0451
2358	12.785	0.04927	0.04494
2359	12.79	0.04904	0.04478
2360	12.795	0.04882	0.04462
2361	12.8	0.0486	0.04445
2362	12.805	0.04838	0.04429
2363	12.81	0.04816	0.04413
2364	12.815	0.04793	0.04396
2365	12.82	0.04772	0.0438
2366	12.825	0.0475	0.04363
2367	12.83	0.04728	0.04346
2368	12.835	0.04706	0.0433
2369	12.84	0.04685	0.04313
2370	12.845	0.04663	0.04296
2371	12.85	0.04642	0.04279
2372	12.855	0.0462	0.04263
2373	12.86	0.04599	0.04246
2374	12.865	0.04578	0.04229
2375	12.87	0.04557	0.04212
2376	12.875	0.04536	0.04195
2377	12.88	0.04515	0.04179
2378	12.885	0.04494	0.04162
2379	12.89	0.04473	0.04145
2380	12.895	0.04452	0.04128
2381	12.9	0.04432	0.04111
2382	12.905	0.04411	0.04095
2383	12.91	0.04391	0.04078
2384	12.915	0.04371	0.04061
2385	12.92	0.0435	0.04044
2386	12.925	0.0433	0.04028
2387	12.93	0.0431	0.04011
2388	12.935	0.0429	0.03994
2389	12.94	0.0427	0.03978
2390	12.945	0.0425	0.03961
2391	12.95	0.0423	0.03945
2392	12.955	0.04211	0.03928
2393	12.96	0.04191	0.03912
2394	12.965	0.04172	0.03895
2395	12.97	0.04152	0.03879
2396	12.975	0.04133	0.03862
2397	12.98	0.04114	0.03846
2398	12.985	0.04094	0.0383
2399	12.99	0.04075	0.03814
2400	12.995	0.04056	0.03797
2401	13	0.04037	0.03782
2402	13.005	0.04018	0.03767
2403	13.01	0.04	0.03753
2404	13.015	0.03981	0.03739
2405	13.02	0.03962	0.03725
2406	13.025	0.03944	0.03712
2407	13.03	0.03925	0.03698
2408	13.035	0.03907	0.03685
2409	13.04	0.03888	0.03673
2410	13.045	0.0387	0.0366
2411	13.05	0.03852	0.03648
2412	13.055	0.03834	0.03636
2413	13.06	0.03815	0.03624
2414	13.065	0.03797	0.03613
2415	13.07	0.03779	0.03602
2416	13.075	0.03761	0.03591
2417	13.08	0.03743	0.0358
2418	13.085	0.03725	0.0357
2419	13.09	0.03708	0.03559
2420	13.095	0.0369	0.03549
2421	13.1	0.03672	0.03539
2422	13.105	0.03654	0.0353
2423	13.11	0.03637	0.0352
2424	13.115	0.03619	0.03511
2425	13.12	0.03602	0.03502
2426	13.125	0.03584	0.03493
2427	13.13	0.03567	0.03484
2428	13.135	0.03549	0.03475
2429	13.14	0.03532	0.03467
2430	13.145	0.03515	0.03459
2431	13.15	0.03497	0.0345
2432	13.155	0.0348	0.03442
2433	13.16	0.03463	0.03434
2434	13.165	0.03446	0.03427
2435	13.17	0.03429	0.03419
2436	13.175	0.03412	0.03411
2437	13.18	0.03395	0.03404
2438	13.185	0.03378	0.03397
2439	13.19	0.03361	0.03389
2440	13.195	0.03344	0.03382
2441	13.2	0.03327	0.03375
2442	13.205	0.0331	0.03368
2443	13.21	0.03293	0.03361
2444	13.215	0.03276	0.03354
2445	13.22	0.0326	0.03347
2446	13.225	0.03243	0.03341
2447	13.23	0.03226	0.03334
2448	13.235	0.0321	0.03327
2449	13.24	0.03193	0.03321
2450	13.245	0.03176	0.03314
2451	13.25	0.0316	0.03308
2452	13.255	0.03143	0.03301
2453	13.26	0.03127	0.03295
2454	13.265	0.0311	0.03288
2455	13.27	0.03094	0.03282
2456	13.275	0.03078	0.03276
2457	13.28	0.03061	0.0327
2458	13.285	0.03045	0.03263
2459	13.29	0.03029	0.03257
2460	13.295	0.03012	0.03251
2461	13.3	0.02996	0.03245
2462	13.305	0.0298	0.03238
2463	13.31	0.02964	0.03232
2464	13.315	0.02948	0.03226
2465	13.32	0.02931	0.0322
2466	13.325	0.02915	0.03214
2467	13.33	0.02899	0.03208
2468	13.335	0.02883	0.03202
2469	13.34	0.02867	0.03196
2470	13.345	0.02851	0.03189
2471	13.35	0.02835	0.03183
2472	13.355	0.02819	0.03177
2473	13.36	0.02804	0.03171
2474	13.365	0.02788	0.03165
2475	13.37	0.02772	0.03159
2476	13.375	0.02756	0.03153
2477	13.38	0.0274	0.03147
2478	13.385	0.02725	0.03141
2479	13.39	0.02709	0.03135
2480	13.395	0.02693	0.03128
2481	13.4	0.02678	0.03122
2482	13.405	0.02662	0.03116
2483	13.41	0.02647	0.0311
2484	13.415	0.02631	0.03104
2485	13.42	0.02616	0.03098
2486	13.425	0.026	0.03092
2487	13.43	0.02585	0.03086
2488	13.435	0.02569	0.03079
2489	13.44	0.02554	0.03073
2490	13.445	0.02538	0.03067
2491	13.45	0.02523	0.03061
2492	13.455	0.02508	0.03055
2493	13.46	0.02493	0.03048
2494	13.465	0.02477	0.03042
2495	13.47	0.02462	0.03036
2496	13.475	0.02447	0.0303
2497	13.48	0.02432	0.03023
2498	13.485	0.02417	0.03017
2499	13.49	0.02402	0.03011
2500	13.495	0.02387	0.03005
2501	13.5	0.02372	0.02998
2502	13.505	0.02357	0.02992
2503	13.51	0.02342	0.02986
2504	13.515	0.02327	0.02979
2505	13.52	0.02312	0.02973
2506	13.525	0.02297	0.02966
2507	13.53	0.02282	0.0296
2508	13.535	0.02267	0.02954
2509	13.54	0.02253	0.02947
2510	13.545	0.02238	0.02941
2511	13.55	0.02223	0.02934
2512	13.555	0.02209	0.02928
2513	13.56	0.02194	0.02922
2514	13.565	0.02179	0.02915
2515	13.57	0.02165	0.02909
2516	13.575	0.0215	0.02902
2517	13.58	0.02136	0.02896
2518	13.585	0.02121	0.02889
2519	13.59	0.02107	0.02883
2520	13.595	0.02093	0.02876
2521	13.6	0.02078	0.0287
2522	13.605	0.02064	0.02863
2523	13.61	0.0205	0.02856
2524	13.615	0.02035	0.0285
2525	13.62	0.02021	0.02843
2526	13.625	0.02007	0.02837
2527	13.63	0.01993	0.0283
2528	13.635	0.01979	0.02823
2529	13.64	0.01964	0.02817
2530	13.645	0.0195	0.0281
2531	13.65	0.01936	0.02804
2532	13.655	0.01922	0.02797
2533	13.66	0.01908	0.0279
2534	13.665	0.01894	0.02784
2535	13.67	0.01881	0.02777
2536	13.675	0.01867	0.0277
2537	13.68	0.01853	0.02764
2538	13.685	0.01839	0.02757
2539	13.69	0.01825	0.0275
2540	13.695	0.01812	0.02743
2541	13.7	0.01798	0.02734
2542	13.705	0.01784	0.02727
2543	13.71	0.01771	0.0272
2544	13.715	0.01757	0.02714
2545	13.72	0.01743	0.02707
2546	13.725	0.0173	0.027
2547	13.73	0.01716	0.02694
2548	13.735	0.01703	0.02687
2549	13.74	0.0169	0.02681
2550	13.745	0.01676	0.02674
2551	13.75	0.01663	0.02668
2552	13.755	0.0165	0.02661
2553	13.76	0.01636	0.02654
2554	13.765	0.01623	0.02648
2555	13.77	0.0161	0.02641
2556	13.775	0.01597	0.02635
2557	13.78	0.01583	0.02628
2558	13.785	0.0157	0.02621
2559	13.79	0.01557	0.02615
2560	13.795	0.01544	0.02608
2561	13.8	0.01531	0.02602
2562	13.805	0.01518	0.02595
2563	13.81	0.01505	0.02588
2564	13.815	0.01492	0.02582
2565	13.82	0.01479	0.02575
2566	13.825	0.01467	0.02569
2567	13.83	0.01454	0.02562
2568	13.835	0.01441	0.02556
2569	13.84	0.01428	0.02549
2570	13.845	0.01415	0.02542
2571	13.85	0.01403	0.02536
2572	13.855	0.0139	0.02529
2573	13.86	0.01377	0.02523
2574	13.865	0.01365	0.02516
2575	13.87	0.01352	0.0251
2576	13.875	0.0134	0.02503
2577	13.88	0.01327	0.02496
2578	13.885	0.01315	0.0249
2579	13.89	0.01302	0.02483
2580	13.895	0.0129	0.02477
2581	13.9	0.01278	0.0247
2582	13.905	0.01265	0.02464
2583	13.91	0.01253	0.02457
2584	13.915	0.01241	0.02451
2585	13.92	0.01228	0.02444
2586	13.925	0.01216	0.02438
2587	13.93	0.01204	0.02431
2588	13.935	0.01192	0.02425
2589	13.94	0.0118	0.02418
2590	13.945	0.01168	0.02412
2591	13.95	0.01156	0.02405
2592	13.955	0.01144	0.02399
2593	13.96	0.01132	0.02392
2594	13.965	0.0112	0.02386
2595	13.97	0.01108	0.02379
2596	13.975	0.01096	0.02373
2597	13.98	0.01084	0.02366
2598	13.985	0.01072	0.0236
2599	13.99	0.01061	0.02353
2600	13.995	0.01049	0.02347
2601	14	0.01037	0.02341
2602	14.005	0.01025	0.02334
2603	14.01	0.01014	0.02328
2604	14.015	0.01002	0.02321
2605	14.02	0.0099	0.02315
2606	14.025	0.00979	0.02309
2607	14.03	0.00967	0.02302
2608	14.035	0.00956	0.02296
2609	14.04	0.00944	0.02289
2610	14.045	0.00933	0.02283
2611	14.05	0.00922	0.02276
2612	14.055	0.0091	0.02269
2613	14.06	0.00899	0.02262
2614	14.065	0.00888	0.02256
2615	14.07	0.00876	0.02249
2616	14.075	0.00865	0.02241
2617	14.08	0.00854	0.02234
2618	14.085	0.00843	0.02227
2619	14.09	0.00832	0.02219
2620	14.095	0.00821	0.02211
2621	14.1	0.0081	0.02203
2622	14.105	0.00799	0.02195
2623	14.11	0.00788	0.02187
2624	14.115	0.00777	0.02178
2625	14.12	0.00766	0.0217
2626	14.125	0.00755	0.02161
2627	14.13	0.00744	0.02151
2628	14.135	0.00733	0.02142
2629	14.14	0.00723	0.02132
2630	14.145	0.00712	0.02122
2631	14.15	0.00702	0.02112
2632	14.155	0.00691	0.02101
2633	14.16	0.00681	0.0209
2634	14.165	0.0067	0.02079
2635	14.17	0.0066	0.02068
2636	14.175	0.00649	0.02056
2637	14.18	0.00639	0.02044
2638	14.185	0.00629	0.02032
2639	14.19	0.00619	0.0202
2640	14.195	0.00609	0.02007
2641	14.2	0.00599	0.01994
2642	14.205	0.00589	0.01981
2643	14.21	0.00579	0.01967
2644	14.215	0.00569	0.01953
2645	14.22	0.00559	0.01939
2646	14.225	0.0055	0.01925
2647	14.23	0.0054	0.01911
2648	14.235	0.00531	0.01896
2649	14.24	0.00521	0.01881
2650	14.245	0.00512	0.01866
2651	14.25	0.00503	0.0185
2652	14.255	0.00493	0.01834
2653	14.26	0.00484	0.01819
2654	14.265	0.00475	0.01802
2655	14.27	0.00466	0.01786
2656	14.275	0.00457	0.0177
2657	14.28	0.00449	0.01753
2658	14.285	0.0044	0.01736
2659	14.29	0.00431	0.01719
2660	14.295	0.00423	0.01702
2661	14.3	0.00414	0.01685
2662	14.305	0.00406	0.01667
2663	14.31	0.00397	0.0165
2664	14.315	0.00389	0.01632
2665	14.32	0.00381	0.01614
2666	14.325	0.00373	0.01597
2667	14.33	0.00365	0.01579
2668	14.335	0.00357	0.0156
2669	14.34	0.0035	0.01542
2670	14.345	0.00342	0.01524
2671	14.35	0.00334	0.01506
2672	14.355	0.00327	0.01487
2673	14.36	0.00319	0.01469
2674	14.365	0.00312	0.01451
2675	14.37	0.00305	0.01432
2676	14.375	0.00298	0.01413
2677	14.38	0.00291	0.01395
2678	14.385	0.00284	0.01376
2679	14.39	0.00277	0.01358
2680	14.395	0.0027	0.01339
2681	14.4	0.00264	0.0132
2682	14.405	0.00257	0.01302
2683	14.41	0.00251	0.01283
2684	14.415	0.00244	0.01265
2685	14.42	0.00238	0.01246
2686	14.425	0.00232	0.01227
2687	14.43	0.00226	0.01209
2688	14.435	0.0022	0.0119
2689	14.44	0.00214	0.01172
2690	14.445	0.00208	0.01154
2691	14.45	0.00202	0.01135
2692	14.455	0.00197	0.01117
2693	14.46	0.00191	0.01098
2694	14.465	0.00186	0.0108
2695	14.47	0.0018	0.01062
2696	14.475	0.00175	0.01044
2697	14.48	0.0017	0.01026
2698	14.485	0.00165	0.01008
2699	14.49	0.0016	0.0099
2700	14.495	0.00155	0.00972
2701	14.5	0.0015	0.00954
2702	14.505	0.00145	0.00937
2703	14.51	0.00141	0.00921
2704	14.515	0.00136	0.00904
2705	14.52	0.00132	0.00889
2706	14.525	0.00127	0.00873
2707	14.53	0.00123	0.00857
2708	14.535	0.00119	0.00842
2709	14.54	0.00115	0.00827
2710	14.545	0.0011	0.00812
2711	14.55	0.00106	0.00797
2712	14.555	0.00102	0.00781
2713	14.56	9.86291E-4	0.00766
2714	14.565	9.48351E-4	0.00751
2715	14.57	9.11165E-4	0.00736
2716	14.575	8.74733E-4	0.00721
2717	14.58	8.39057E-4	0.00706
2718	14.585	8.04135E-4	0.00691
2719	14.59	7.69971E-4	0.00676
2720	14.595	7.36564E-4	0.00661
2721	14.6	7.03916E-4	0.00645
2722	14.605	6.72028E-4	0.0063
2723	14.61	6.40901E-4	0.00615
2724	14.615	6.10536E-4	0.006
2725	14.62	5.80933E-4	0.00584
2726	14.625	5.52094E-4	0.00569
2727	14.63	5.24028E-4	0.00554
2728	14.635	4.96735E-4	0.00538
2729	14.64	4.70206E-4	0.00523
2730	14.645	4.44441E-4	0.00508
2731	14.65	4.1944E-4	0.00492
2732	14.655	3.95203E-4	0.00477
2733	14.66	3.71732E-4	0.00462
2734	14.665	3.49025E-4	0.00446
2735	14.67	3.27083E-4	0.00431
2736	14.675	3.05907E-4	0.00416
2737	14.68	2.85495E-4	0.00401
2738	14.685	2.65848E-4	0.00385
2739	14.69	2.46966E-4	0.0037
2740	14.695	2.28847E-4	0.00355
2741	14.7	2.11493E-4	0.00339
2742	14.705	1.94901E-4	0.00324
2743	14.71	1.79072E-4	0.00309
2744	14.715	1.64006E-4	0.00294
2745	14.72	1.497E-4	0.00279
2746	14.725	1.36155E-4	0.00263
2747	14.73	1.23368E-4	0.00248
2748	14.735	1.11336E-4	0.00233
2749	14.74	1.00056E-4	0.00218
2750	14.745	8.9519E-5	0.00203
2751	14.75	7.97155E-5	0.00189
2752	14.755	7.06323E-5	0.00175
2753	14.76	6.22528E-5	0.00161
2754	14.765	5.45577E-5	0.00147
2755	14.77	4.75247E-5	0.00134
2756	14.775	4.11287E-5	0.00122
2757	14.78	3.53428E-5	0.0011
2758	14.785	3.01381E-5	9.85855E-4
2759	14.79	2.54843E-5	8.78798E-4
2760	14.795	2.13501E-5	7.78066E-4
2761	14.8	1.77036E-5	6.83768E-4
2762	14.805	1.45124E-5	5.95964E-4
2763	14.81	1.1744E-5	5.14678E-4
2764	14.815	9.36563E-6	4.39913E-4
2765	14.82	7.34483E-6	3.71656E-4
2766	14.825	5.64907E-6	3.09883E-4
2767	14.83	4.246E-6	2.54548E-4
2768	14.835	3.10359E-6	2.05569E-4
2769	14.84	2.19031E-6	1.62816E-4
2770	14.845	1.47543E-6	1.261E-4
2771	14.85	9.29308E-7	9.51635E-5
2772	14.855	5.23792E-7	6.96727E-5
2773	14.86	2.3258E-7	4.92179E-5
2774	14.865	3.16137E-8	3.33144E-5
2775	14.87	-1.00564E-7	2.14126E-5
2776	14.875	-1.82512E-7	1.29126E-5
2777	14.88	-2.2969E-7	7.18657E-6
2778	14.885	-2.54378E-7	3.60665E-6
2779	14.89	-2.65756E-7	1.57751E-6
2780	14.895	-2.70153E-7	5.70857E-7
2781	14.9	-2.71465E-7	1.74376E-7
2782	14.905	-2.71897E-7	7.91064E-8
2783	14.91	-2.72256E-7	6.54955E-8
2784	14.915	-2.72552E-7	5.33674E-8
2785	14.92	-2.72789E-7	4.22507E-8
2786	14.925	-2.72974E-7	3.20396E-8
2787	14.93	-2.7311E-7	2.27017E-8
2788	14.935	-2.73201E-7	1.41936E-8
2789	14.94	-2.73252E-7	-2.73201E-5
2790	14.945	0	-2.73252E-5
2791	14.95	0	0
2792	14.955	0	0
2793	14.96	0	0
2794	14.965	0	0
2795	14.97	0	0
2796	14.975	0	0
2797	14.98	0	0
2798	14.985	0	0
2799	14.99	0	0
2800	14.995	0	0
2801	15	0	0
