BOCS
N 2801

1	1	101.61778	107.98638
2	1.005	101.07785	107.75433
3	1.01	100.54023	107.29035
4	1.015	100.00494	106.82663
5	1.02	99.47197	106.3632
6	1.025	98.94131	105.90008
7	1.03	98.41297	105.43728
8	1.035	97.88694	104.9748
9	1.04	97.36322	104.51266
10	1.045	96.84181	104.05087
11	1.05	96.32271	103.58943
12	1.055	95.80592	103.12833
13	1.06	95.29143	102.66759
14	1.065	94.77924	102.2072
15	1.07	94.26936	101.74717
16	1.075	93.76177	101.28748
17	1.08	93.25648	100.82814
18	1.085	92.75349	100.36914
19	1.09	92.25279	99.91049
20	1.095	91.75438	99.45217
21	1.1	91.25827	98.99418
22	1.105	90.76444	98.53652
23	1.11	90.2729	98.07918
24	1.115	89.78365	97.62216
25	1.12	89.29668	97.16543
26	1.125	88.81199	96.70901
27	1.13	88.32959	96.25288
28	1.135	87.84947	95.79702
29	1.14	87.37162	95.34143
30	1.145	86.89605	94.88609
31	1.15	86.42276	94.43099
32	1.155	85.95174	93.97612
33	1.16	85.483	93.52146
34	1.165	85.01653	93.06699
35	1.17	84.55233	92.61269
36	1.175	84.0904	92.15853
37	1.18	83.63074	91.70449
38	1.185	83.17336	91.25055
39	1.19	82.71824	90.79667
40	1.195	82.26539	90.34282
41	1.2	81.81481	89.88896
42	1.205	81.3665	89.43505
43	1.21	80.92046	88.98104
44	1.215	80.47669	88.52689
45	1.22	80.03519	88.07254
46	1.225	79.59596	87.61792
47	1.23	79.15901	87.16297
48	1.235	78.72433	86.70762
49	1.24	78.29193	86.25177
50	1.245	77.86182	85.79533
51	1.25	77.43398	85.33819
52	1.255	77.00843	84.88023
53	1.26	76.58518	84.42131
54	1.265	76.16422	83.96128
55	1.27	75.74557	83.49995
56	1.275	75.32922	83.03713
57	1.28	74.9152	82.5726
58	1.285	74.5035	82.10612
59	1.29	74.09413	81.63743
60	1.295	73.68712	81.16628
61	1.3	73.28247	80.69244
62	1.305	72.8802	80.2158
63	1.31	72.48031	79.73643
64	1.315	72.08283	79.25477
65	1.32	71.68777	78.77192
66	1.325	71.29511	78.29002
67	1.33	70.90487	77.81264
68	1.335	70.51699	77.34505
69	1.34	70.13141	76.8934
70	1.345	69.74805	76.46151
71	1.35	69.3668	76.05456
72	1.355	68.98751	75.65339
73	1.36	68.61027	75.24443
74	1.365	68.23506	74.83767
75	1.37	67.86189	74.43311
76	1.375	67.49073	74.03074
77	1.38	67.12158	73.63055
78	1.385	66.75443	73.23251
79	1.39	66.38926	72.83663
80	1.395	66.02606	72.44289
81	1.4	65.66483	72.05128
82	1.405	65.30555	71.66179
83	1.41	64.94821	71.2744
84	1.415	64.5928	70.8891
85	1.42	64.23932	70.50589
86	1.425	63.88774	70.12475
87	1.43	63.53807	69.74567
88	1.435	63.19029	69.36864
89	1.44	62.84438	68.99364
90	1.445	62.50035	68.62068
91	1.45	62.15818	68.24973
92	1.455	61.81785	67.88078
93	1.46	61.47937	67.51383
94	1.465	61.14272	67.14887
95	1.47	60.80788	66.78587
96	1.475	60.47486	66.42484
97	1.48	60.14363	66.06576
98	1.485	59.8142	65.70862
99	1.49	59.48655	65.35342
100	1.495	59.16067	65.00013
101	1.5	58.83655	64.64875
102	1.505	58.51418	64.29927
103	1.51	58.19355	63.95168
104	1.515	57.87466	63.60597
105	1.52	57.55749	63.26213
106	1.525	57.24204	62.92015
107	1.53	56.92829	62.58002
108	1.535	56.61624	62.24172
109	1.54	56.30587	61.90525
110	1.545	55.99719	61.57061
111	1.55	55.69017	61.23777
112	1.555	55.38481	60.90673
113	1.56	55.0811	60.57748
114	1.565	54.77903	60.25001
115	1.57	54.4786	59.92431
116	1.575	54.17979	59.60037
117	1.58	53.8826	59.27818
118	1.585	53.58701	58.95774
119	1.59	53.29302	58.63902
120	1.595	53.00062	58.32203
121	1.6	52.7098	58.00676
122	1.605	52.42055	57.69318
123	1.61	52.13287	57.3813
124	1.615	51.84674	57.07111
125	1.62	51.56216	56.7626
126	1.625	51.27911	56.45575
127	1.63	50.9976	56.15056
128	1.635	50.71761	55.84702
129	1.64	50.43913	55.54513
130	1.645	50.16216	55.24486
131	1.65	49.88668	54.94622
132	1.655	49.61269	54.64919
133	1.66	49.34019	54.35377
134	1.665	49.06916	54.05994
135	1.67	48.79959	53.7677
136	1.675	48.53148	53.47704
137	1.68	48.26482	53.18796
138	1.685	47.9996	52.90044
139	1.69	47.73581	52.61447
140	1.695	47.47345	52.33004
141	1.7	47.21251	52.04716
142	1.705	46.95298	51.7658
143	1.71	46.69486	51.48596
144	1.715	46.43812	51.20764
145	1.72	46.18278	50.93082
146	1.725	45.92882	50.6555
147	1.73	45.67622	50.38167
148	1.735	45.425	50.10931
149	1.74	45.17513	49.83843
150	1.745	44.92661	49.56902
151	1.75	44.67944	49.30106
152	1.755	44.4336	49.03454
153	1.76	44.1891	48.76947
154	1.765	43.94591	48.50584
155	1.77	43.70404	48.24362
156	1.775	43.46347	47.98283
157	1.78	43.22421	47.72344
158	1.785	42.98624	47.46546
159	1.79	42.74955	47.20887
160	1.795	42.51415	46.95367
161	1.8	42.28002	46.69985
162	1.805	42.04715	46.4474
163	1.81	41.81554	46.19631
164	1.815	41.58519	45.94658
165	1.82	41.35608	45.6982
166	1.825	41.12821	45.45117
167	1.83	40.90157	45.20547
168	1.835	40.67615	44.9611
169	1.84	40.45196	44.71805
170	1.845	40.22897	44.47631
171	1.85	40.00719	44.23588
172	1.855	39.78661	43.99675
173	1.86	39.56722	43.75891
174	1.865	39.34902	43.52236
175	1.87	39.132	43.28709
176	1.875	38.91615	43.05308
177	1.88	38.70147	42.82035
178	1.885	38.48795	42.58887
179	1.89	38.27558	42.35864
180	1.895	38.06436	42.12966
181	1.9	37.85428	41.90192
182	1.905	37.64534	41.6754
183	1.91	37.43753	41.45011
184	1.915	37.23084	41.22604
185	1.92	37.02527	41.00318
186	1.925	36.82081	40.78153
187	1.93	36.61746	40.56107
188	1.935	36.4152	40.34181
189	1.94	36.21404	40.12373
190	1.945	36.01396	39.90682
191	1.95	35.81497	39.6911
192	1.955	35.61705	39.47653
193	1.96	35.4202	39.26313
194	1.965	35.22442	39.05088
195	1.97	35.02969	38.83978
196	1.975	34.83602	38.62982
197	1.98	34.6434	38.421
198	1.985	34.45181	38.2133
199	1.99	34.26126	38.00673
200	1.995	34.07174	37.80127
201	2	33.88325	37.59692
202	2.005	33.69578	37.39368
203	2.01	33.50931	37.19154
204	2.015	33.32386	36.99049
205	2.02	33.13941	36.79053
206	2.025	32.95595	36.59164
207	2.03	32.77349	36.39384
208	2.035	32.59202	36.1971
209	2.04	32.41152	36.00142
210	2.045	32.232	35.80681
211	2.05	32.05345	35.61324
212	2.055	31.87587	35.42073
213	2.06	31.69925	35.22925
214	2.065	31.52358	35.03881
215	2.07	31.34886	34.84939
216	2.075	31.17508	34.661
217	2.08	31.00225	34.47363
218	2.085	30.83035	34.28728
219	2.09	30.65938	34.10193
220	2.095	30.48933	33.91758
221	2.1	30.3202	33.73423
222	2.105	30.15199	33.55187
223	2.11	29.98468	33.37049
224	2.115	29.81828	33.1901
225	2.12	29.65278	33.01068
226	2.125	29.48817	32.83223
227	2.13	29.32446	32.65474
228	2.135	29.16163	32.47822
229	2.14	28.99968	32.30265
230	2.145	28.8386	32.12803
231	2.15	28.6784	31.95435
232	2.155	28.51906	31.78161
233	2.16	28.36058	31.6098
234	2.165	28.20296	31.43893
235	2.17	28.04619	31.26898
236	2.175	27.89027	31.09994
237	2.18	27.73519	30.93182
238	2.185	27.58095	30.76461
239	2.19	27.42754	30.5983
240	2.195	27.27497	30.43289
241	2.2	27.12322	30.26838
242	2.205	26.97228	30.10476
243	2.21	26.82217	29.94202
244	2.215	26.67286	29.78015
245	2.22	26.52437	29.61917
246	2.225	26.37667	29.45905
247	2.23	26.22978	29.2998
248	2.235	26.08367	29.14142
249	2.24	25.93836	28.98388
250	2.245	25.79384	28.8272
251	2.25	25.65009	28.67137
252	2.255	25.50712	28.51638
253	2.26	25.36493	28.36222
254	2.265	25.2235	28.2089
255	2.27	25.08284	28.05641
256	2.275	24.94294	27.90474
257	2.28	24.80379	27.75389
258	2.285	24.6654	27.60386
259	2.29	24.52775	27.45464
260	2.295	24.39085	27.30623
261	2.3	24.25469	27.15862
262	2.305	24.11926	27.0118
263	2.31	23.98457	26.86578
264	2.315	23.85061	26.72055
265	2.32	23.71737	26.5761
266	2.325	23.58484	26.43244
267	2.33	23.45304	26.28955
268	2.335	23.32195	26.14743
269	2.34	23.19157	26.00609
270	2.345	23.06189	25.8655
271	2.35	22.93291	25.72568
272	2.355	22.80463	25.58661
273	2.36	22.67705	25.44829
274	2.365	22.55015	25.31073
275	2.37	22.42394	25.1739
276	2.375	22.29841	25.03782
277	2.38	22.17356	24.90247
278	2.385	22.04938	24.76785
279	2.39	21.92588	24.63396
280	2.395	21.80305	24.50079
281	2.4	21.68087	24.36835
282	2.405	21.55936	24.23662
283	2.41	21.43851	24.1056
284	2.415	21.31831	23.97529
285	2.42	21.19875	23.84568
286	2.425	21.07985	23.71678
287	2.43	20.96159	23.58857
288	2.435	20.84396	23.46105
289	2.44	20.72698	23.33423
290	2.445	20.61062	23.20809
291	2.45	20.4949	23.08263
292	2.455	20.37979	22.95785
293	2.46	20.26532	22.83374
294	2.465	20.15146	22.71031
295	2.47	20.03821	22.58754
296	2.475	19.92558	22.46544
297	2.48	19.81356	22.34399
298	2.485	19.70214	22.22321
299	2.49	19.59133	22.10307
300	2.495	19.48111	21.98359
301	2.5	19.37149	21.86475
302	2.505	19.26246	21.74655
303	2.51	19.15403	21.62899
304	2.515	19.04617	21.51207
305	2.52	18.93891	21.39578
306	2.525	18.83222	21.28012
307	2.53	18.7261	21.16509
308	2.535	18.62057	21.05067
309	2.54	18.5156	20.93688
310	2.545	18.4112	20.82369
311	2.55	18.30736	20.71113
312	2.555	18.20409	20.59917
313	2.56	18.10137	20.48781
314	2.565	17.99921	20.37706
315	2.57	17.8976	20.2669
316	2.575	17.79654	20.15734
317	2.58	17.69602	20.04838
318	2.585	17.59605	19.94
319	2.59	17.49662	19.83221
320	2.595	17.39773	19.725
321	2.6	17.29937	19.61837
322	2.605	17.20155	19.51232
323	2.61	17.10425	19.40684
324	2.615	17.00748	19.30193
325	2.62	16.91123	19.19759
326	2.625	16.8155	19.09381
327	2.63	16.72029	18.99059
328	2.635	16.6256	18.88793
329	2.64	16.53141	18.78583
330	2.645	16.43774	18.68427
331	2.65	16.34457	18.58327
332	2.655	16.25191	18.48281
333	2.66	16.15974	18.3829
334	2.665	16.06808	18.28352
335	2.67	15.97691	18.18469
336	2.675	15.88623	18.08638
337	2.68	15.79604	17.98861
338	2.685	15.70635	17.89137
339	2.69	15.61713	17.79465
340	2.695	15.5284	17.69846
341	2.7	15.44015	17.60278
342	2.705	15.35237	17.50763
343	2.71	15.26507	17.41298
344	2.715	15.17824	17.31885
345	2.72	15.09188	17.22523
346	2.725	15.00599	17.13211
347	2.73	14.92056	17.0395
348	2.735	14.83559	16.94739
349	2.74	14.75109	16.85578
350	2.745	14.66704	16.76466
351	2.75	14.58344	16.67403
352	2.755	14.5003	16.58389
353	2.76	14.4176	16.49424
354	2.765	14.33535	16.40508
355	2.77	14.25355	16.3164
356	2.775	14.17219	16.22819
357	2.78	14.09127	16.14047
358	2.785	14.01078	16.05322
359	2.79	13.93074	15.96643
360	2.795	13.85112	15.88012
361	2.8	13.77194	15.79428
362	2.805	13.69318	15.7089
363	2.81	13.61485	15.62398
364	2.815	13.53694	15.53952
365	2.82	13.45945	15.45551
366	2.825	13.38238	15.37197
367	2.83	13.30573	15.28887
368	2.835	13.22949	15.20622
369	2.84	13.15367	15.12402
370	2.845	13.07825	15.04226
371	2.85	13.00325	14.96094
372	2.855	12.92864	14.88007
373	2.86	12.85445	14.79963
374	2.865	12.78065	14.71963
375	2.87	12.70725	14.64005
376	2.875	12.63425	14.56091
377	2.88	12.56164	14.4822
378	2.885	12.48943	14.40391
379	2.89	12.4176	14.32605
380	2.895	12.34617	14.2486
381	2.9	12.27512	14.17158
382	2.905	12.20445	14.09497
383	2.91	12.13417	14.01878
384	2.915	12.06426	13.94299
385	2.92	11.99474	13.86762
386	2.925	11.92559	13.79265
387	2.93	11.85681	13.71809
388	2.935	11.7884	13.64394
389	2.94	11.72037	13.57018
390	2.945	11.6527	13.49682
391	2.95	11.5854	13.42386
392	2.955	11.51846	13.35129
393	2.96	11.45189	13.27912
394	2.965	11.38567	13.20734
395	2.97	11.31982	13.13594
396	2.975	11.25431	13.06493
397	2.98	11.18917	12.9943
398	2.985	11.12437	12.92406
399	2.99	11.05993	12.85419
400	2.995	10.99583	12.78471
401	3	10.93208	12.71559
402	3.005	10.86867	12.64686
403	3.01	10.80561	12.57849
404	3.015	10.74289	12.51049
405	3.02	10.6805	12.44286
406	3.025	10.61846	12.3756
407	3.03	10.55675	12.3087
408	3.035	10.49537	12.24216
409	3.04	10.43433	12.17598
410	3.045	10.37361	12.11016
411	3.05	10.31323	12.0447
412	3.055	10.25317	11.97959
413	3.06	10.19343	11.91483
414	3.065	10.13402	11.85042
415	3.07	10.07493	11.78636
416	3.075	10.01615	11.72264
417	3.08	9.9577	11.65927
418	3.085	9.89956	11.59624
419	3.09	9.84174	11.53356
420	3.095	9.78423	11.47121
421	3.1	9.72702	11.4092
422	3.105	9.67013	11.34752
423	3.11	9.61355	11.28618
424	3.115	9.55727	11.22517
425	3.12	9.5013	11.16449
426	3.125	9.44563	11.10413
427	3.13	9.39026	11.04411
428	3.135	9.33519	10.98441
429	3.14	9.28041	10.92503
430	3.145	9.22594	10.86597
431	3.15	9.17175	10.80723
432	3.155	9.11786	10.74881
433	3.16	9.06426	10.6907
434	3.165	9.01096	10.63291
435	3.17	8.95794	10.57543
436	3.175	8.9052	10.51826
437	3.18	8.85275	10.4614
438	3.185	8.80059	10.40485
439	3.19	8.7487	10.3486
440	3.195	8.6971	10.29266
441	3.2	8.64578	10.23702
442	3.205	8.59473	10.18168
443	3.21	8.54396	10.12664
444	3.215	8.49346	10.0719
445	3.22	8.44324	10.01745
446	3.225	8.39329	9.9633
447	3.23	8.34361	9.90944
448	3.235	8.2942	9.85587
449	3.24	8.24505	9.80259
450	3.245	8.19617	9.7496
451	3.25	8.14755	9.6969
452	3.255	8.0992	9.64448
453	3.26	8.05111	9.59234
454	3.265	8.00328	9.54049
455	3.27	7.9557	9.48891
456	3.275	7.90839	9.43762
457	3.28	7.86133	9.3866
458	3.285	7.81452	9.33586
459	3.29	7.76797	9.28539
460	3.295	7.72167	9.23519
461	3.3	7.67562	9.18527
462	3.305	7.62982	9.13562
463	3.31	7.58426	9.08623
464	3.315	7.53895	9.03711
465	3.32	7.49389	8.98826
466	3.325	7.44907	8.93967
467	3.33	7.40449	8.89135
468	3.335	7.36016	8.84328
469	3.34	7.31606	8.79548
470	3.345	7.2722	8.74793
471	3.35	7.22858	8.70064
472	3.355	7.1852	8.65361
473	3.36	7.14205	8.60683
474	3.365	7.09913	8.5603
475	3.37	7.05644	8.51402
476	3.375	7.01399	8.468
477	3.38	6.97176	8.42222
478	3.385	6.92977	8.37669
479	3.39	6.888	8.33141
480	3.395	6.84645	8.28637
481	3.4	6.80513	8.24158
482	3.405	6.76404	8.19703
483	3.41	6.72316	8.15271
484	3.415	6.68251	8.10864
485	3.42	6.64208	8.06481
486	3.425	6.60186	8.02121
487	3.43	6.56186	7.97785
488	3.435	6.52208	7.93472
489	3.44	6.48252	7.89183
490	3.445	6.44316	7.84917
491	3.45	6.40402	7.80674
492	3.455	6.3651	7.76454
493	3.46	6.32638	7.72256
494	3.465	6.28787	7.68082
495	3.47	6.24957	7.6393
496	3.475	6.21148	7.598
497	3.48	6.17359	7.55693
498	3.485	6.13591	7.51607
499	3.49	6.09843	7.47544
500	3.495	6.06115	7.43503
501	3.5	6.02408	7.39484
502	3.505	5.98721	7.35487
503	3.51	5.95053	7.31511
504	3.515	5.91405	7.27556
505	3.52	5.87778	7.23623
506	3.525	5.84169	7.19712
507	3.53	5.8058	7.15821
508	3.535	5.77011	7.11951
509	3.54	5.73461	7.08103
510	3.545	5.6993	7.04275
511	3.55	5.66418	7.00468
512	3.555	5.62925	6.96681
513	3.56	5.59451	6.92915
514	3.565	5.55996	6.89169
515	3.57	5.5256	6.85444
516	3.575	5.49142	6.81738
517	3.58	5.45742	6.78053
518	3.585	5.42361	6.74387
519	3.59	5.38998	6.70742
520	3.595	5.35654	6.67116
521	3.6	5.32327	6.6351
522	3.605	5.29019	6.59923
523	3.61	5.25728	6.56355
524	3.615	5.22455	6.52807
525	3.62	5.192	6.49278
526	3.625	5.15962	6.45769
527	3.63	5.12742	6.42278
528	3.635	5.0954	6.38806
529	3.64	5.06354	6.35352
530	3.645	5.03186	6.31918
531	3.65	5.00035	6.28502
532	3.655	4.96901	6.25104
533	3.66	4.93784	6.21725
534	3.665	4.90684	6.18364
535	3.67	4.876	6.15021
536	3.675	4.84534	6.11697
537	3.68	4.81483	6.0839
538	3.685	4.7845	6.05101
539	3.69	4.75432	6.0183
540	3.695	4.72431	5.98577
541	3.7	4.69447	5.95341
542	3.705	4.66478	5.92123
543	3.71	4.63525	5.88922
544	3.715	4.60589	5.85738
545	3.72	4.57668	5.82572
546	3.725	4.54763	5.79422
547	3.73	4.51874	5.7629
548	3.735	4.49	5.73175
549	3.74	4.46142	5.70076
550	3.745	4.43299	5.66995
551	3.75	4.40472	5.6393
552	3.755	4.3766	5.60881
553	3.76	4.34863	5.57849
554	3.765	4.32082	5.54834
555	3.77	4.29315	5.51834
556	3.775	4.26563	5.48851
557	3.78	4.23826	5.45884
558	3.785	4.21104	5.42933
559	3.79	4.18397	5.39998
560	3.795	4.15704	5.37079
561	3.8	4.13026	5.34176
562	3.805	4.10363	5.31288
563	3.81	4.07713	5.28416
564	3.815	4.05078	5.2556
565	3.82	4.02458	5.22718
566	3.825	3.99851	5.19893
567	3.83	3.97259	5.17082
568	3.835	3.9468	5.14287
569	3.84	3.92116	5.11507
570	3.845	3.89565	5.08742
571	3.85	3.87029	5.05992
572	3.855	3.84505	5.03256
573	3.86	3.81996	5.00536
574	3.865	3.795	4.9783
575	3.87	3.77018	4.95139
576	3.875	3.74549	4.92462
577	3.88	3.72093	4.898
578	3.885	3.69651	4.87152
579	3.89	3.67222	4.84519
580	3.895	3.64806	4.819
581	3.9	3.62403	4.79295
582	3.905	3.60013	4.76704
583	3.91	3.57636	4.74127
584	3.915	3.55271	4.71564
585	3.92	3.5292	4.69014
586	3.925	3.50581	4.66479
587	3.93	3.48255	4.63957
588	3.935	3.45942	4.61449
589	3.94	3.43641	4.58955
590	3.945	3.41352	4.56474
591	3.95	3.39076	4.54006
592	3.955	3.36812	4.51552
593	3.96	3.3456	4.49111
594	3.965	3.32321	4.46683
595	3.97	3.30094	4.44268
596	3.975	3.27878	4.41867
597	3.98	3.25675	4.39478
598	3.985	3.23483	4.37102
599	3.99	3.21304	4.3474
600	3.995	3.19136	4.32389
601	4	3.1698	4.30052
602	4.005	3.14836	4.27727
603	4.01	3.12703	4.25415
604	4.015	3.10581	4.23115
605	4.02	3.08472	4.20828
606	4.025	3.06373	4.18553
607	4.03	3.04286	4.16291
608	4.035	3.0221	4.1404
609	4.04	3.00146	4.11802
610	4.045	2.98092	4.09576
611	4.05	2.9605	4.07362
612	4.055	2.94019	4.0516
613	4.06	2.91998	4.02969
614	4.065	2.89989	4.00791
615	4.07	2.8799	3.98624
616	4.075	2.86003	3.9647
617	4.08	2.84026	3.94326
618	4.085	2.82059	3.92195
619	4.09	2.80104	3.90075
620	4.095	2.78159	3.87966
621	4.1	2.76224	3.85869
622	4.105	2.743	3.83783
623	4.11	2.72386	3.81708
624	4.115	2.70483	3.79645
625	4.12	2.6859	3.77592
626	4.125	2.66707	3.75551
627	4.13	2.64834	3.73521
628	4.135	2.62972	3.71502
629	4.14	2.61119	3.69494
630	4.145	2.59277	3.67496
631	4.15	2.57444	3.65509
632	4.155	2.55622	3.63534
633	4.16	2.53809	3.61568
634	4.165	2.52006	3.59614
635	4.17	2.50213	3.5767
636	4.175	2.48429	3.55736
637	4.18	2.46655	3.53813
638	4.185	2.44891	3.51901
639	4.19	2.43136	3.49998
640	4.195	2.41391	3.48106
641	4.2	2.39655	3.46225
642	4.205	2.37929	3.44353
643	4.21	2.36212	3.42491
644	4.215	2.34504	3.4064
645	4.22	2.32805	3.38799
646	4.225	2.31116	3.36967
647	4.23	2.29436	3.35146
648	4.235	2.27765	3.33334
649	4.24	2.26102	3.31532
650	4.245	2.24449	3.2974
651	4.25	2.22805	3.27957
652	4.255	2.2117	3.26184
653	4.26	2.19543	3.24421
654	4.265	2.17925	3.22667
655	4.27	2.16317	3.20923
656	4.275	2.14716	3.19188
657	4.28	2.13125	3.17463
658	4.285	2.11542	3.15747
659	4.29	2.09967	3.1404
660	4.295	2.08401	3.12342
661	4.3	2.06844	3.10654
662	4.305	2.05295	3.08974
663	4.31	2.03754	3.07304
664	4.315	2.02222	3.05643
665	4.32	2.00698	3.0399
666	4.325	1.99182	3.02347
667	4.33	1.97674	3.00713
668	4.335	1.96175	2.99087
669	4.34	1.94683	2.9747
670	4.345	1.932	2.95862
671	4.35	1.91725	2.94263
672	4.355	1.90257	2.92672
673	4.36	1.88798	2.9109
674	4.365	1.87346	2.89516
675	4.37	1.85903	2.87951
676	4.375	1.84467	2.86395
677	4.38	1.83039	2.84847
678	4.385	1.81618	2.83307
679	4.39	1.80206	2.81775
680	4.395	1.78801	2.80252
681	4.4	1.77403	2.78737
682	4.405	1.76013	2.7723
683	4.41	1.74631	2.75732
684	4.415	1.73256	2.74241
685	4.42	1.71888	2.72759
686	4.425	1.70528	2.71284
687	4.43	1.69176	2.69818
688	4.435	1.6783	2.68359
689	4.44	1.66492	2.66908
690	4.445	1.65161	2.65465
691	4.45	1.63837	2.6403
692	4.455	1.62521	2.62603
693	4.46	1.61211	2.61184
694	4.465	1.59909	2.59772
695	4.47	1.58614	2.58367
696	4.475	1.57325	2.56971
697	4.48	1.56044	2.55582
698	4.485	1.54769	2.542
699	4.49	1.53502	2.52826
700	4.495	1.52241	2.51459
701	4.5	1.50987	2.501
702	4.505	1.4974	2.48748
703	4.51	1.485	2.47403
704	4.515	1.47266	2.46066
705	4.52	1.46039	2.44735
706	4.525	1.44819	2.43412
707	4.53	1.43605	2.42097
708	4.535	1.42398	2.40788
709	4.54	1.41197	2.39486
710	4.545	1.40003	2.38192
711	4.55	1.38815	2.36904
712	4.555	1.37634	2.35623
713	4.56	1.36459	2.3435
714	4.565	1.3529	2.33083
715	4.57	1.34128	2.31823
716	4.575	1.32972	2.3057
717	4.58	1.31823	2.29323
718	4.585	1.30679	2.28083
719	4.59	1.29542	2.26851
720	4.595	1.28411	2.25624
721	4.6	1.27285	2.24405
722	4.605	1.26166	2.23191
723	4.61	1.25054	2.21985
724	4.615	1.23947	2.20785
725	4.62	1.22846	2.19591
726	4.625	1.21751	2.18404
727	4.63	1.20662	2.17224
728	4.635	1.19578	2.16049
729	4.64	1.18501	2.14881
730	4.645	1.1743	2.1372
731	4.65	1.16364	2.12563
732	4.655	1.15304	2.11404
733	4.66	1.1425	2.10233
734	4.665	1.13202	2.09043
735	4.67	1.12159	2.0783
736	4.675	1.11123	2.06595
737	4.68	1.10094	2.05341
738	4.685	1.0907	2.04073
739	4.69	1.08053	2.02795
740	4.695	1.07042	2.01515
741	4.7	1.06038	2.00239
742	4.705	1.0504	1.98975
743	4.71	1.04048	1.97728
744	4.715	1.03062	1.96506
745	4.72	1.02083	1.95314
746	4.725	1.01109	1.94157
747	4.73	1.00141	1.93039
748	4.735	0.99179	1.91965
749	4.74	0.98222	1.90936
750	4.745	0.97269	1.89954
751	4.75	0.96322	1.89022
752	4.755	0.95379	1.88138
753	4.76	0.94441	1.87302
754	4.765	0.93506	1.86514
755	4.77	0.92576	1.85771
756	4.775	0.91649	1.85072
757	4.78	0.90725	1.84412
758	4.785	0.89804	1.8379
759	4.79	0.88887	1.83201
760	4.795	0.87972	1.82642
761	4.8	0.87061	1.82109
762	4.805	0.86151	1.81596
763	4.81	0.85245	1.81101
764	4.815	0.8434	1.80618
765	4.82	0.83438	1.80143
766	4.825	0.82539	1.79671
767	4.83	0.81642	1.79199
768	4.835	0.80747	1.78723
769	4.84	0.79854	1.78239
770	4.845	0.78964	1.77742
771	4.85	0.78077	1.7723
772	4.855	0.77192	1.767
773	4.86	0.7631	1.76148
774	4.865	0.75431	1.75572
775	4.87	0.74554	1.74969
776	4.875	0.73681	1.74339
777	4.88	0.72811	1.73678
778	4.885	0.71944	1.72987
779	4.89	0.71081	1.72263
780	4.895	0.70222	1.71506
781	4.9	0.69366	1.70715
782	4.905	0.68514	1.6989
783	4.91	0.67667	1.69032
784	4.915	0.66824	1.6814
785	4.92	0.65986	1.67215
786	4.925	0.65152	1.66258
787	4.93	0.64323	1.6527
788	4.935	0.63499	1.64251
789	4.94	0.62681	1.63204
790	4.945	0.61867	1.62129
791	4.95	0.61059	1.61028
792	4.955	0.60257	1.59902
793	4.96	0.5946	1.58754
794	4.965	0.58669	1.57585
795	4.97	0.57884	1.56397
796	4.975	0.57105	1.55191
797	4.98	0.56333	1.5397
798	4.985	0.55566	1.52735
799	4.99	0.54805	1.51489
800	4.995	0.54051	1.50233
801	5	0.53303	1.48968
802	5.005	0.52561	1.47697
803	5.01	0.51826	1.46418
804	5.015	0.51097	1.45131
805	5.02	0.50375	1.43838
806	5.025	0.49659	1.42537
807	5.03	0.48949	1.4123
808	5.035	0.48246	1.39915
809	5.04	0.4755	1.38595
810	5.045	0.4686	1.37268
811	5.05	0.46177	1.35936
812	5.055	0.45501	1.346
813	5.06	0.44831	1.33259
814	5.065	0.44168	1.31916
815	5.07	0.43512	1.3057
816	5.075	0.42863	1.29224
817	5.08	0.4222	1.27879
818	5.085	0.41584	1.26535
819	5.09	0.40955	1.25195
820	5.095	0.40332	1.23861
821	5.1	0.39716	1.22535
822	5.105	0.39107	1.21217
823	5.11	0.38504	1.19912
824	5.115	0.37908	1.18621
825	5.12	0.37318	1.17346
826	5.125	0.36734	1.1609
827	5.13	0.36157	1.14856
828	5.135	0.35586	1.13646
829	5.14	0.3502	1.12464
830	5.145	0.34461	1.11312
831	5.15	0.33907	1.10192
832	5.155	0.33359	1.09109
833	5.16	0.32816	1.08064
834	5.165	0.32278	1.07061
835	5.17	0.31745	1.06101
836	5.175	0.31217	1.05188
837	5.18	0.30694	1.04324
838	5.185	0.30174	1.03511
839	5.19	0.29658	1.02751
840	5.195	0.29147	1.02046
841	5.2	0.28638	1.01396
842	5.205	0.28133	1.00804
843	5.21	0.2763	1.00269
844	5.215	0.2713	0.99791
845	5.22	0.26632	0.99371
846	5.225	0.26136	0.99008
847	5.23	0.25642	0.987
848	5.235	0.25149	0.98445
849	5.24	0.24658	0.98241
850	5.245	0.24167	0.98085
851	5.25	0.23677	0.97974
852	5.255	0.23187	0.97903
853	5.26	0.22698	0.97867
854	5.265	0.22208	0.97861
855	5.27	0.21719	0.9788
856	5.275	0.2123	0.97917
857	5.28	0.2074	0.97966
858	5.285	0.2025	0.9802
859	5.29	0.1976	0.98073
860	5.295	0.19269	0.98116
861	5.3	0.18778	0.98144
862	5.305	0.18288	0.9815
863	5.31	0.17797	0.98128
864	5.315	0.17306	0.98074
865	5.32	0.16816	0.97985
866	5.325	0.16327	0.97857
867	5.33	0.15838	0.97691
868	5.335	0.1535	0.9749
869	5.34	0.14863	0.97259
870	5.345	0.14377	0.97006
871	5.35	0.13893	0.96744
872	5.355	0.1341	0.96479
873	5.36	0.12928	0.96213
874	5.365	0.12448	0.95946
875	5.37	0.11968	0.95678
876	5.375	0.11491	0.9541
877	5.38	0.11014	0.9514
878	5.385	0.10539	0.94869
879	5.39	0.10066	0.94598
880	5.395	0.09593	0.94325
881	5.4	0.09122	0.94052
882	5.405	0.08653	0.93777
883	5.41	0.08185	0.93502
884	5.415	0.07718	0.93226
885	5.42	0.07252	0.92949
886	5.425	0.06788	0.92671
887	5.43	0.06326	0.92391
888	5.435	0.05864	0.92111
889	5.44	0.05405	0.91831
890	5.445	0.04946	0.91549
891	5.45	0.04489	0.91266
892	5.455	0.04033	0.90982
893	5.46	0.03579	0.90698
894	5.465	0.03126	0.90412
895	5.47	0.02675	0.90126
896	5.475	0.02225	0.89838
897	5.48	0.01777	0.8955
898	5.485	0.0133	0.89261
899	5.49	0.00884	0.88971
900	5.495	0.0044	0.8868
901	5.5	-2.64023E-5	0.88388
902	5.505	-0.00444	0.88095
903	5.51	-0.00884	0.87801
904	5.515	-0.01322	0.87507
905	5.52	-0.01759	0.87211
906	5.525	-0.02194	0.86915
907	5.53	-0.02628	0.86618
908	5.535	-0.0306	0.8632
909	5.54	-0.03491	0.86021
910	5.545	-0.0392	0.85721
911	5.55	-0.04348	0.8542
912	5.555	-0.04775	0.85118
913	5.56	-0.05199	0.84816
914	5.565	-0.05623	0.84513
915	5.57	-0.06045	0.84209
916	5.575	-0.06465	0.83904
917	5.58	-0.06884	0.83598
918	5.585	-0.07301	0.83291
919	5.59	-0.07716	0.82984
920	5.595	-0.08131	0.82675
921	5.6	-0.08543	0.82366
922	5.605	-0.08954	0.82056
923	5.61	-0.09364	0.81745
924	5.615	-0.09772	0.81433
925	5.62	-0.10178	0.81121
926	5.625	-0.10583	0.80808
927	5.63	-0.10986	0.80494
928	5.635	-0.11388	0.80179
929	5.64	-0.11788	0.79863
930	5.645	-0.12187	0.79547
931	5.65	-0.12583	0.7923
932	5.655	-0.12979	0.78912
933	5.66	-0.13373	0.78593
934	5.665	-0.13765	0.78273
935	5.67	-0.14155	0.77953
936	5.675	-0.14544	0.77632
937	5.68	-0.14932	0.7731
938	5.685	-0.15317	0.76988
939	5.69	-0.15701	0.76664
940	5.695	-0.16084	0.7634
941	5.7	-0.16465	0.76015
942	5.705	-0.16844	0.7569
943	5.71	-0.17222	0.75364
944	5.715	-0.17598	0.75037
945	5.72	-0.17972	0.74709
946	5.725	-0.18345	0.74381
947	5.73	-0.18716	0.74052
948	5.735	-0.19085	0.73722
949	5.74	-0.19453	0.73391
950	5.745	-0.19819	0.7306
951	5.75	-0.20184	0.72728
952	5.755	-0.20547	0.72395
953	5.76	-0.20908	0.72061
954	5.765	-0.21267	0.71727
955	5.77	-0.21625	0.71391
956	5.775	-0.21981	0.71055
957	5.78	-0.22336	0.70718
958	5.785	-0.22688	0.7038
959	5.79	-0.23039	0.7004
960	5.795	-0.23389	0.697
961	5.8	-0.23736	0.69359
962	5.805	-0.24082	0.69016
963	5.81	-0.24427	0.68673
964	5.815	-0.24769	0.68328
965	5.82	-0.2511	0.67982
966	5.825	-0.25449	0.67635
967	5.83	-0.25786	0.67286
968	5.835	-0.26122	0.66936
969	5.84	-0.26456	0.66585
970	5.845	-0.26788	0.66232
971	5.85	-0.27118	0.65348
972	5.855	-0.27441	0.64979
973	5.86	-0.27768	0.65141
974	5.865	-0.28092	0.64786
975	5.87	-0.28415	0.6443
976	5.875	-0.28737	0.64073
977	5.88	-0.29056	0.63715
978	5.885	-0.29374	0.63356
979	5.89	-0.2969	0.62995
980	5.895	-0.30004	0.62633
981	5.9	-0.30316	0.62269
982	5.905	-0.30627	0.61904
983	5.91	-0.30935	0.61537
984	5.915	-0.31242	0.61169
985	5.92	-0.31547	0.60799
986	5.925	-0.3185	0.60427
987	5.93	-0.32151	0.60053
988	5.935	-0.3245	0.59677
989	5.94	-0.32748	0.59298
990	5.945	-0.33043	0.58918
991	5.95	-0.33337	0.58535
992	5.955	-0.33629	0.5815
993	5.96	-0.33919	0.57761
994	5.965	-0.34206	0.57371
995	5.97	-0.34492	0.56977
996	5.975	-0.34776	0.56581
997	5.98	-0.35058	0.56181
998	5.985	-0.35338	0.55778
999	5.99	-0.35616	0.55373
1000	5.995	-0.35892	0.54963
1001	6	-0.36165	0.54547
1002	6.005	-0.36437	0.54124
1003	6.01	-0.36707	0.53695
1004	6.015	-0.36974	0.53264
1005	6.02	-0.37239	0.52831
1006	6.025	-0.37502	0.52398
1007	6.03	-0.37763	0.51963
1008	6.035	-0.38022	0.51526
1009	6.04	-0.38279	0.51089
1010	6.045	-0.38533	0.50651
1011	6.05	-0.38785	0.50212
1012	6.055	-0.39035	0.49772
1013	6.06	-0.39283	0.49331
1014	6.065	-0.39528	0.4889
1015	6.07	-0.39772	0.48448
1016	6.075	-0.40013	0.48005
1017	6.08	-0.40252	0.47561
1018	6.085	-0.40488	0.47117
1019	6.09	-0.40723	0.46673
1020	6.095	-0.40955	0.46228
1021	6.1	-0.41185	0.45783
1022	6.105	-0.41413	0.45337
1023	6.11	-0.41639	0.44891
1024	6.115	-0.41862	0.44445
1025	6.12	-0.42083	0.43999
1026	6.125	-0.42302	0.43553
1027	6.13	-0.42519	0.43106
1028	6.135	-0.42733	0.4266
1029	6.14	-0.42945	0.42214
1030	6.145	-0.43155	0.41768
1031	6.15	-0.43363	0.41322
1032	6.155	-0.43568	0.40876
1033	6.16	-0.43772	0.40431
1034	6.165	-0.43973	0.39986
1035	6.17	-0.44171	0.39542
1036	6.175	-0.44368	0.39098
1037	6.18	-0.44562	0.38655
1038	6.185	-0.44755	0.38212
1039	6.19	-0.44945	0.3777
1040	6.195	-0.45132	0.37329
1041	6.2	-0.45318	0.36889
1042	6.205	-0.45501	0.3645
1043	6.21	-0.45682	0.36011
1044	6.215	-0.45861	0.35574
1045	6.22	-0.46038	0.35137
1046	6.225	-0.46213	0.34702
1047	6.23	-0.46385	0.34267
1048	6.235	-0.46555	0.33834
1049	6.24	-0.46723	0.33402
1050	6.245	-0.46889	0.3297
1051	6.25	-0.47053	0.3254
1052	6.255	-0.47215	0.32111
1053	6.26	-0.47374	0.31684
1054	6.265	-0.47532	0.31257
1055	6.27	-0.47687	0.30831
1056	6.275	-0.4784	0.30407
1057	6.28	-0.47991	0.29984
1058	6.285	-0.4814	0.29562
1059	6.29	-0.48287	0.29141
1060	6.295	-0.48431	0.28722
1061	6.3	-0.48574	0.28304
1062	6.305	-0.48714	0.27887
1063	6.31	-0.48853	0.27471
1064	6.315	-0.48989	0.27057
1065	6.32	-0.49123	0.26644
1066	6.325	-0.49255	0.26232
1067	6.33	-0.49386	0.25822
1068	6.335	-0.49514	0.25413
1069	6.34	-0.4964	0.25005
1070	6.345	-0.49764	0.24599
1071	6.35	-0.49886	0.24194
1072	6.355	-0.50006	0.2379
1073	6.36	-0.50124	0.23388
1074	6.365	-0.50239	0.22987
1075	6.37	-0.50353	0.22587
1076	6.375	-0.50465	0.22189
1077	6.38	-0.50575	0.21792
1078	6.385	-0.50683	0.21397
1079	6.39	-0.50789	0.21002
1080	6.395	-0.50893	0.2061
1081	6.4	-0.50995	0.20218
1082	6.405	-0.51095	0.19828
1083	6.41	-0.51194	0.1944
1084	6.415	-0.5129	0.19053
1085	6.42	-0.51384	0.18667
1086	6.425	-0.51477	0.18283
1087	6.43	-0.51567	0.17901
1088	6.435	-0.51656	0.1752
1089	6.44	-0.51742	0.1714
1090	6.445	-0.51827	0.16762
1091	6.45	-0.5191	0.16386
1092	6.455	-0.51991	0.16011
1093	6.46	-0.5207	0.15638
1094	6.465	-0.52147	0.15266
1095	6.47	-0.52223	0.14896
1096	6.475	-0.52296	0.14528
1097	6.48	-0.52368	0.14162
1098	6.485	-0.52438	0.13797
1099	6.49	-0.52506	0.13434
1100	6.495	-0.52572	0.13073
1101	6.5	-0.52637	0.12713
1102	6.505	-0.52699	0.12356
1103	6.51	-0.5276	0.12
1104	6.515	-0.52819	0.11646
1105	6.52	-0.52877	0.11294
1106	6.525	-0.52932	0.10944
1107	6.53	-0.52986	0.10596
1108	6.535	-0.53038	0.1025
1109	6.54	-0.53089	0.09905
1110	6.545	-0.53137	0.09563
1111	6.55	-0.53184	0.09223
1112	6.555	-0.53229	0.08885
1113	6.56	-0.53273	0.08549
1114	6.565	-0.53315	0.08215
1115	6.57	-0.53355	0.07883
1116	6.575	-0.53394	0.07553
1117	6.58	-0.53431	0.07225
1118	6.585	-0.53466	0.069
1119	6.59	-0.535	0.06576
1120	6.595	-0.53532	0.06255
1121	6.6	-0.53562	0.05936
1122	6.605	-0.53591	0.05619
1123	6.61	-0.53618	0.05304
1124	6.615	-0.53644	0.04992
1125	6.62	-0.53668	0.04682
1126	6.625	-0.53691	0.04374
1127	6.63	-0.53712	0.04068
1128	6.635	-0.53732	0.03765
1129	6.64	-0.5375	0.03465
1130	6.645	-0.53766	0.03166
1131	6.65	-0.53781	0.0287
1132	6.655	-0.53795	0.02576
1133	6.66	-0.53807	0.02285
1134	6.665	-0.53818	0.01996
1135	6.67	-0.53827	0.0171
1136	6.675	-0.53835	0.01426
1137	6.68	-0.53841	0.01145
1138	6.685	-0.53846	0.00866
1139	6.69	-0.5385	0.0059
1140	6.695	-0.53852	0.00316
1141	6.7	-0.53853	4.41289E-4
1142	6.705	-0.53853	-0.00225
1143	6.71	-0.53851	-0.00491
1144	6.715	-0.53848	-0.00755
1145	6.72	-0.53843	-0.01017
1146	6.725	-0.53838	-0.01276
1147	6.73	-0.53831	-0.01532
1148	6.735	-0.53822	-0.01787
1149	6.74	-0.53813	-0.02038
1150	6.745	-0.53802	-0.02287
1151	6.75	-0.5379	-0.02534
1152	6.755	-0.53777	-0.02778
1153	6.76	-0.53762	-0.0302
1154	6.765	-0.53746	-0.0326
1155	6.77	-0.5373	-0.03496
1156	6.775	-0.53711	-0.03731
1157	6.78	-0.53692	-0.03963
1158	6.785	-0.53672	-0.04193
1159	6.79	-0.5365	-0.0442
1160	6.795	-0.53628	-0.04644
1161	6.8	-0.53604	-0.04866
1162	6.805	-0.53579	-0.05086
1163	6.81	-0.53553	-0.05303
1164	6.815	-0.53526	-0.05518
1165	6.82	-0.53498	-0.0573
1166	6.825	-0.53469	-0.0594
1167	6.83	-0.53438	-0.06147
1168	6.835	-0.53407	-0.06352
1169	6.84	-0.53375	-0.06554
1170	6.845	-0.53342	-0.06754
1171	6.85	-0.53307	-0.06952
1172	6.855	-0.53272	-0.07146
1173	6.86	-0.53236	-0.07339
1174	6.865	-0.53199	-0.07529
1175	6.87	-0.53161	-0.07716
1176	6.875	-0.53122	-0.07901
1177	6.88	-0.53082	-0.08083
1178	6.885	-0.53041	-0.08263
1179	6.89	-0.52999	-0.0844
1180	6.895	-0.52956	-0.08615
1181	6.9	-0.52913	-0.08788
1182	6.905	-0.52868	-0.08957
1183	6.91	-0.52823	-0.09125
1184	6.915	-0.52777	-0.0929
1185	6.92	-0.5273	-0.09452
1186	6.925	-0.52683	-0.09612
1187	6.93	-0.52634	-0.09769
1188	6.935	-0.52585	-0.09924
1189	6.94	-0.52535	-0.10076
1190	6.945	-0.52484	-0.10226
1191	6.95	-0.52433	-0.10374
1192	6.955	-0.5238	-0.10519
1193	6.96	-0.52327	-0.10662
1194	6.965	-0.52274	-0.10802
1195	6.97	-0.52219	-0.1094
1196	6.975	-0.52164	-0.11076
1197	6.98	-0.52109	-0.1121
1198	6.985	-0.52052	-0.11341
1199	6.99	-0.51995	-0.1147
1200	6.995	-0.51938	-0.11597
1201	7	-0.51879	-0.11722
1202	7.005	-0.5182	-0.11845
1203	7.01	-0.51761	-0.11966
1204	7.015	-0.51701	-0.12085
1205	7.02	-0.5164	-0.12202
1206	7.025	-0.51579	-0.12317
1207	7.03	-0.51517	-0.1243
1208	7.035	-0.51454	-0.12541
1209	7.04	-0.51391	-0.1265
1210	7.045	-0.51328	-0.12758
1211	7.05	-0.51264	-0.12864
1212	7.055	-0.51199	-0.12968
1213	7.06	-0.51134	-0.1307
1214	7.065	-0.51069	-0.13171
1215	7.07	-0.51002	-0.1327
1216	7.075	-0.50936	-0.13367
1217	7.08	-0.50869	-0.13463
1218	7.085	-0.50801	-0.13557
1219	7.09	-0.50733	-0.13649
1220	7.095	-0.50665	-0.1374
1221	7.1	-0.50596	-0.1383
1222	7.105	-0.50526	-0.13918
1223	7.11	-0.50457	-0.14004
1224	7.115	-0.50386	-0.14089
1225	7.12	-0.50316	-0.14173
1226	7.125	-0.50245	-0.14255
1227	7.13	-0.50173	-0.14335
1228	7.135	-0.50101	-0.14415
1229	7.14	-0.50029	-0.14493
1230	7.145	-0.49956	-0.14569
1231	7.15	-0.49883	-0.14645
1232	7.155	-0.4981	-0.14719
1233	7.16	-0.49736	-0.14791
1234	7.165	-0.49662	-0.14863
1235	7.17	-0.49588	-0.14933
1236	7.175	-0.49513	-0.15002
1237	7.18	-0.49438	-0.15069
1238	7.185	-0.49362	-0.15135
1239	7.19	-0.49286	-0.15201
1240	7.195	-0.4921	-0.15265
1241	7.2	-0.49134	-0.15327
1242	7.205	-0.49057	-0.15389
1243	7.21	-0.4898	-0.15449
1244	7.215	-0.48902	-0.15508
1245	7.22	-0.48825	-0.15566
1246	7.225	-0.48747	-0.15623
1247	7.23	-0.48668	-0.15678
1248	7.235	-0.4859	-0.15733
1249	7.24	-0.48511	-0.15786
1250	7.245	-0.48432	-0.15838
1251	7.25	-0.48353	-0.15889
1252	7.255	-0.48273	-0.15938
1253	7.26	-0.48193	-0.15987
1254	7.265	-0.48113	-0.16034
1255	7.27	-0.48033	-0.1608
1256	7.275	-0.47952	-0.16125
1257	7.28	-0.47872	-0.16169
1258	7.285	-0.47791	-0.16212
1259	7.29	-0.4771	-0.16253
1260	7.295	-0.47628	-0.16294
1261	7.3	-0.47547	-0.16333
1262	7.305	-0.47465	-0.16371
1263	7.31	-0.47383	-0.16409
1264	7.315	-0.47301	-0.16445
1265	7.32	-0.47218	-0.1648
1266	7.325	-0.47136	-0.16514
1267	7.33	-0.47053	-0.16547
1268	7.335	-0.46971	-0.1658
1269	7.34	-0.46888	-0.16611
1270	7.345	-0.46804	-0.16641
1271	7.35	-0.46721	-0.1667
1272	7.355	-0.46638	-0.16698
1273	7.36	-0.46554	-0.16725
1274	7.365	-0.4647	-0.16752
1275	7.37	-0.46387	-0.16777
1276	7.375	-0.46303	-0.16801
1277	7.38	-0.46219	-0.16825
1278	7.385	-0.46134	-0.16847
1279	7.39	-0.4605	-0.16869
1280	7.395	-0.45966	-0.16889
1281	7.4	-0.45881	-0.16909
1282	7.405	-0.45797	-0.16928
1283	7.41	-0.45712	-0.16945
1284	7.415	-0.45627	-0.16962
1285	7.42	-0.45542	-0.16978
1286	7.425	-0.45457	-0.16993
1287	7.43	-0.45372	-0.17007
1288	7.435	-0.45287	-0.1702
1289	7.44	-0.45202	-0.17032
1290	7.445	-0.45117	-0.17043
1291	7.45	-0.45032	-0.17053
1292	7.455	-0.44947	-0.17062
1293	7.46	-0.44861	-0.1707
1294	7.465	-0.44776	-0.17078
1295	7.47	-0.4469	-0.17084
1296	7.475	-0.44605	-0.1709
1297	7.48	-0.4452	-0.17094
1298	7.485	-0.44434	-0.17098
1299	7.49	-0.44349	-0.17101
1300	7.495	-0.44263	-0.17103
1301	7.5	-0.44177	-0.17104
1302	7.505	-0.44092	-0.17104
1303	7.51	-0.44006	-0.17103
1304	7.515	-0.43921	-0.17102
1305	7.52	-0.43835	-0.17099
1306	7.525	-0.4375	-0.17096
1307	7.53	-0.43664	-0.17092
1308	7.535	-0.43579	-0.17087
1309	7.54	-0.43494	-0.17081
1310	7.545	-0.43408	-0.17075
1311	7.55	-0.43323	-0.17068
1312	7.555	-0.43238	-0.1706
1313	7.56	-0.43152	-0.17052
1314	7.565	-0.43067	-0.17042
1315	7.57	-0.42982	-0.17033
1316	7.575	-0.42897	-0.17022
1317	7.58	-0.42812	-0.17011
1318	7.585	-0.42727	-0.16999
1319	7.59	-0.42642	-0.16987
1320	7.595	-0.42557	-0.16974
1321	7.6	-0.42472	-0.16961
1322	7.605	-0.42387	-0.16947
1323	7.61	-0.42302	-0.16933
1324	7.615	-0.42218	-0.16918
1325	7.62	-0.42133	-0.16903
1326	7.625	-0.42049	-0.16887
1327	7.63	-0.41964	-0.16872
1328	7.635	-0.4188	-0.16855
1329	7.64	-0.41796	-0.16839
1330	7.645	-0.41712	-0.16822
1331	7.65	-0.41628	-0.16805
1332	7.655	-0.41544	-0.16788
1333	7.66	-0.4146	-0.1677
1334	7.665	-0.41376	-0.16752
1335	7.67	-0.41292	-0.16735
1336	7.675	-0.41209	-0.16716
1337	7.68	-0.41125	-0.16698
1338	7.685	-0.41042	-0.1668
1339	7.69	-0.40958	-0.16661
1340	7.695	-0.40875	-0.16642
1341	7.7	-0.40792	-0.16623
1342	7.705	-0.40709	-0.16604
1343	7.71	-0.40626	-0.16585
1344	7.715	-0.40543	-0.16566
1345	7.72	-0.4046	-0.16547
1346	7.725	-0.40377	-0.16528
1347	7.73	-0.40295	-0.16509
1348	7.735	-0.40212	-0.1649
1349	7.74	-0.4013	-0.16471
1350	7.745	-0.40048	-0.16452
1351	7.75	-0.39965	-0.16433
1352	7.755	-0.39883	-0.16414
1353	7.76	-0.39801	-0.16396
1354	7.765	-0.39719	-0.16378
1355	7.77	-0.39637	-0.1636
1356	7.775	-0.39556	-0.16342
1357	7.78	-0.39474	-0.16324
1358	7.785	-0.39392	-0.16307
1359	7.79	-0.39311	-0.1629
1360	7.795	-0.3923	-0.16273
1361	7.8	-0.39148	-0.16256
1362	7.805	-0.39067	-0.1624
1363	7.81	-0.38986	-0.16224
1364	7.815	-0.38905	-0.16208
1365	7.82	-0.38824	-0.16193
1366	7.825	-0.38743	-0.16177
1367	7.83	-0.38662	-0.16162
1368	7.835	-0.38581	-0.16148
1369	7.84	-0.38501	-0.16133
1370	7.845	-0.3842	-0.16119
1371	7.85	-0.38339	-0.16105
1372	7.855	-0.38259	-0.16091
1373	7.86	-0.38178	-0.16078
1374	7.865	-0.38098	-0.16065
1375	7.87	-0.38018	-0.16052
1376	7.875	-0.37938	-0.16039
1377	7.88	-0.37857	-0.16026
1378	7.885	-0.37777	-0.16014
1379	7.89	-0.37697	-0.16002
1380	7.895	-0.37617	-0.1599
1381	7.9	-0.37537	-0.15978
1382	7.905	-0.37458	-0.15966
1383	7.91	-0.37378	-0.15954
1384	7.915	-0.37298	-0.15943
1385	7.92	-0.37218	-0.15931
1386	7.925	-0.37139	-0.1592
1387	7.93	-0.37059	-0.15909
1388	7.935	-0.3698	-0.15898
1389	7.94	-0.369	-0.15886
1390	7.945	-0.36821	-0.15875
1391	7.95	-0.36741	-0.15864
1392	7.955	-0.36662	-0.15853
1393	7.96	-0.36583	-0.15841
1394	7.965	-0.36504	-0.1583
1395	7.97	-0.36425	-0.15819
1396	7.975	-0.36345	-0.15807
1397	7.98	-0.36266	-0.15795
1398	7.985	-0.36188	-0.15784
1399	7.99	-0.36109	-0.15772
1400	7.995	-0.3603	-0.1576
1401	8	-0.35951	-0.15747
1402	8.005	-0.35872	-0.15735
1403	8.01	-0.35794	-0.15722
1404	8.015	-0.35715	-0.1571
1405	8.02	-0.35637	-0.15697
1406	8.025	-0.35558	-0.15683
1407	8.03	-0.3548	-0.1567
1408	8.035	-0.35401	-0.15656
1409	8.04	-0.35323	-0.15642
1410	8.045	-0.35245	-0.15628
1411	8.05	-0.35167	-0.15614
1412	8.055	-0.35089	-0.15599
1413	8.06	-0.35011	-0.15584
1414	8.065	-0.34933	-0.15569
1415	8.07	-0.34855	-0.15554
1416	8.075	-0.34777	-0.15538
1417	8.08	-0.347	-0.15522
1418	8.085	-0.34622	-0.15506
1419	8.09	-0.34545	-0.15489
1420	8.095	-0.34467	-0.15472
1421	8.1	-0.3439	-0.15455
1422	8.105	-0.34313	-0.15438
1423	8.11	-0.34236	-0.1542
1424	8.115	-0.34159	-0.15402
1425	8.12	-0.34082	-0.15384
1426	8.125	-0.34005	-0.15366
1427	8.13	-0.33928	-0.15348
1428	8.135	-0.33851	-0.15329
1429	8.14	-0.33775	-0.1531
1430	8.145	-0.33698	-0.15291
1431	8.15	-0.33622	-0.15272
1432	8.155	-0.33545	-0.15252
1433	8.16	-0.33469	-0.15233
1434	8.165	-0.33393	-0.15213
1435	8.17	-0.33317	-0.15193
1436	8.175	-0.33241	-0.15173
1437	8.18	-0.33165	-0.15153
1438	8.185	-0.3309	-0.15133
1439	8.19	-0.33014	-0.15113
1440	8.195	-0.32939	-0.15093
1441	8.2	-0.32863	-0.15072
1442	8.205	-0.32788	-0.15052
1443	8.21	-0.32713	-0.15031
1444	8.215	-0.32638	-0.15011
1445	8.22	-0.32563	-0.1499
1446	8.225	-0.32488	-0.14969
1447	8.23	-0.32413	-0.14948
1448	8.235	-0.32338	-0.14927
1449	8.24	-0.32264	-0.14906
1450	8.245	-0.32189	-0.14885
1451	8.25	-0.32115	-0.14864
1452	8.255	-0.3204	-0.14842
1453	8.26	-0.31966	-0.1482
1454	8.265	-0.31892	-0.14798
1455	8.27	-0.31818	-0.14776
1456	8.275	-0.31744	-0.14754
1457	8.28	-0.31671	-0.14732
1458	8.285	-0.31597	-0.14709
1459	8.29	-0.31524	-0.14686
1460	8.295	-0.3145	-0.14663
1461	8.3	-0.31377	-0.1464
1462	8.305	-0.31304	-0.14617
1463	8.31	-0.31231	-0.14593
1464	8.315	-0.31158	-0.14569
1465	8.32	-0.31085	-0.14545
1466	8.325	-0.31013	-0.14521
1467	8.33	-0.3094	-0.14496
1468	8.335	-0.30868	-0.14471
1469	8.34	-0.30795	-0.14446
1470	8.345	-0.30723	-0.14421
1471	8.35	-0.30651	-0.14395
1472	8.355	-0.30579	-0.1437
1473	8.36	-0.30507	-0.14344
1474	8.365	-0.30436	-0.14318
1475	8.37	-0.30364	-0.14292
1476	8.375	-0.30293	-0.14265
1477	8.38	-0.30222	-0.14239
1478	8.385	-0.3015	-0.14212
1479	8.39	-0.30079	-0.14185
1480	8.395	-0.30009	-0.14158
1481	8.4	-0.29938	-0.14131
1482	8.405	-0.29867	-0.14103
1483	8.41	-0.29797	-0.14075
1484	8.415	-0.29726	-0.14048
1485	8.42	-0.29656	-0.1402
1486	8.425	-0.29586	-0.13992
1487	8.43	-0.29516	-0.13963
1488	8.435	-0.29447	-0.13935
1489	8.44	-0.29377	-0.13907
1490	8.445	-0.29308	-0.13878
1491	8.45	-0.29238	-0.13849
1492	8.455	-0.29169	-0.1382
1493	8.46	-0.291	-0.13791
1494	8.465	-0.29031	-0.13761
1495	8.47	-0.28962	-0.13732
1496	8.475	-0.28894	-0.13702
1497	8.48	-0.28825	-0.13672
1498	8.485	-0.28757	-0.13642
1499	8.49	-0.28689	-0.13612
1500	8.495	-0.28621	-0.13582
1501	8.5	-0.28553	-0.13552
1502	8.505	-0.28486	-0.13521
1503	8.51	-0.28418	-0.13491
1504	8.515	-0.28351	-0.1346
1505	8.52	-0.28283	-0.13429
1506	8.525	-0.28216	-0.13398
1507	8.53	-0.28149	-0.13367
1508	8.535	-0.28083	-0.13336
1509	8.54	-0.28016	-0.13305
1510	8.545	-0.2795	-0.13274
1511	8.55	-0.27883	-0.13243
1512	8.555	-0.27817	-0.13212
1513	8.56	-0.27751	-0.1318
1514	8.565	-0.27685	-0.13149
1515	8.57	-0.2762	-0.13118
1516	8.575	-0.27554	-0.13086
1517	8.58	-0.27489	-0.13055
1518	8.585	-0.27424	-0.13024
1519	8.59	-0.27359	-0.12992
1520	8.595	-0.27294	-0.12961
1521	8.6	-0.27229	-0.12929
1522	8.605	-0.27164	-0.12898
1523	8.61	-0.271	-0.12867
1524	8.615	-0.27036	-0.12835
1525	8.62	-0.26972	-0.12804
1526	8.625	-0.26908	-0.12772
1527	8.63	-0.26844	-0.12741
1528	8.635	-0.2678	-0.1271
1529	8.64	-0.26717	-0.12678
1530	8.645	-0.26654	-0.12647
1531	8.65	-0.2659	-0.12615
1532	8.655	-0.26527	-0.12584
1533	8.66	-0.26465	-0.12552
1534	8.665	-0.26402	-0.1252
1535	8.67	-0.26339	-0.12489
1536	8.675	-0.26277	-0.12457
1537	8.68	-0.26215	-0.12425
1538	8.685	-0.26153	-0.12394
1539	8.69	-0.26091	-0.12362
1540	8.695	-0.26029	-0.1233
1541	8.7	-0.25968	-0.12298
1542	8.705	-0.25906	-0.12265
1543	8.71	-0.25845	-0.12233
1544	8.715	-0.25784	-0.12201
1545	8.72	-0.25723	-0.12168
1546	8.725	-0.25662	-0.12136
1547	8.73	-0.25602	-0.12103
1548	8.735	-0.25541	-0.1207
1549	8.74	-0.25481	-0.12037
1550	8.745	-0.25421	-0.12004
1551	8.75	-0.25361	-0.11971
1552	8.755	-0.25301	-0.11938
1553	8.76	-0.25241	-0.11905
1554	8.765	-0.25182	-0.11871
1555	8.77	-0.25123	-0.11837
1556	8.775	-0.25064	-0.11804
1557	8.78	-0.25005	-0.1177
1558	8.785	-0.24946	-0.11736
1559	8.79	-0.24887	-0.11702
1560	8.795	-0.24829	-0.11667
1561	8.8	-0.24771	-0.11633
1562	8.805	-0.24713	-0.11599
1563	8.81	-0.24655	-0.11564
1564	8.815	-0.24597	-0.1153
1565	8.82	-0.24539	-0.11495
1566	8.825	-0.24482	-0.1146
1567	8.83	-0.24425	-0.11425
1568	8.835	-0.24368	-0.1139
1569	8.84	-0.24311	-0.11355
1570	8.845	-0.24254	-0.1132
1571	8.85	-0.24198	-0.11285
1572	8.855	-0.24141	-0.1125
1573	8.86	-0.24085	-0.11215
1574	8.865	-0.24029	-0.1118
1575	8.87	-0.23973	-0.11145
1576	8.875	-0.23918	-0.1111
1577	8.88	-0.23862	-0.11075
1578	8.885	-0.23807	-0.1104
1579	8.89	-0.23752	-0.11006
1580	8.895	-0.23697	-0.10971
1581	8.9	-0.23642	-0.10936
1582	8.905	-0.23587	-0.10902
1583	8.91	-0.23533	-0.10867
1584	8.915	-0.23479	-0.10833
1585	8.92	-0.23425	-0.10799
1586	8.925	-0.23371	-0.10765
1587	8.93	-0.23317	-0.10731
1588	8.935	-0.23264	-0.10697
1589	8.94	-0.2321	-0.10663
1590	8.945	-0.23157	-0.10629
1591	8.95	-0.23104	-0.10595
1592	8.955	-0.23051	-0.10562
1593	8.96	-0.22998	-0.10528
1594	8.965	-0.22946	-0.10495
1595	8.97	-0.22893	-0.10462
1596	8.975	-0.22841	-0.10429
1597	8.98	-0.22789	-0.10396
1598	8.985	-0.22737	-0.10363
1599	8.99	-0.22685	-0.10331
1600	8.995	-0.22634	-0.10298
1601	9	-0.22582	-0.10266
1602	9.005	-0.22531	-0.10234
1603	9.01	-0.2248	-0.10202
1604	9.015	-0.22429	-0.1017
1605	9.02	-0.22378	-0.10138
1606	9.025	-0.22328	-0.10107
1607	9.03	-0.22277	-0.10076
1608	9.035	-0.22227	-0.10044
1609	9.04	-0.22177	-0.10013
1610	9.045	-0.22127	-0.09982
1611	9.05	-0.22077	-0.09952
1612	9.055	-0.22027	-0.09921
1613	9.06	-0.21978	-0.09891
1614	9.065	-0.21928	-0.0986
1615	9.07	-0.21879	-0.0983
1616	9.075	-0.2183	-0.098
1617	9.08	-0.21781	-0.0977
1618	9.085	-0.21732	-0.09741
1619	9.09	-0.21684	-0.09711
1620	9.095	-0.21635	-0.09682
1621	9.1	-0.21587	-0.09653
1622	9.105	-0.21539	-0.09624
1623	9.11	-0.21491	-0.09595
1624	9.115	-0.21443	-0.09566
1625	9.12	-0.21395	-0.09538
1626	9.125	-0.21347	-0.0951
1627	9.13	-0.213	-0.09482
1628	9.135	-0.21253	-0.09454
1629	9.14	-0.21205	-0.09426
1630	9.145	-0.21158	-0.09399
1631	9.15	-0.21111	-0.09372
1632	9.155	-0.21065	-0.09345
1633	9.16	-0.21018	-0.09318
1634	9.165	-0.20971	-0.09291
1635	9.17	-0.20925	-0.09265
1636	9.175	-0.20879	-0.09239
1637	9.18	-0.20833	-0.09214
1638	9.185	-0.20787	-0.09188
1639	9.19	-0.20741	-0.09163
1640	9.195	-0.20695	-0.09138
1641	9.2	-0.20649	-0.09113
1642	9.205	-0.20604	-0.09089
1643	9.21	-0.20559	-0.09065
1644	9.215	-0.20513	-0.09041
1645	9.22	-0.20468	-0.09018
1646	9.225	-0.20423	-0.08995
1647	9.23	-0.20378	-0.08972
1648	9.235	-0.20333	-0.08949
1649	9.24	-0.20289	-0.08927
1650	9.245	-0.20244	-0.08905
1651	9.25	-0.202	-0.08883
1652	9.255	-0.20155	-0.08862
1653	9.26	-0.20111	-0.08841
1654	9.265	-0.20067	-0.0882
1655	9.27	-0.20023	-0.088
1656	9.275	-0.19979	-0.0878
1657	9.28	-0.19935	-0.0876
1658	9.285	-0.19891	-0.0874
1659	9.29	-0.19848	-0.08721
1660	9.295	-0.19804	-0.08701
1661	9.3	-0.19761	-0.08682
1662	9.305	-0.19717	-0.08664
1663	9.31	-0.19674	-0.08645
1664	9.315	-0.19631	-0.08627
1665	9.32	-0.19588	-0.08609
1666	9.325	-0.19545	-0.08591
1667	9.33	-0.19502	-0.08574
1668	9.335	-0.19459	-0.08557
1669	9.34	-0.19416	-0.0854
1670	9.345	-0.19374	-0.08523
1671	9.35	-0.19331	-0.08506
1672	9.355	-0.19288	-0.08489
1673	9.36	-0.19246	-0.08473
1674	9.365	-0.19204	-0.08457
1675	9.37	-0.19162	-0.08441
1676	9.375	-0.19119	-0.08425
1677	9.38	-0.19077	-0.0841
1678	9.385	-0.19035	-0.08394
1679	9.39	-0.18993	-0.08379
1680	9.395	-0.18951	-0.08364
1681	9.4	-0.1891	-0.08349
1682	9.405	-0.18868	-0.08335
1683	9.41	-0.18826	-0.0832
1684	9.415	-0.18785	-0.08306
1685	9.42	-0.18743	-0.08292
1686	9.425	-0.18702	-0.08278
1687	9.43	-0.1866	-0.08264
1688	9.435	-0.18619	-0.08251
1689	9.44	-0.18578	-0.08238
1690	9.445	-0.18537	-0.08224
1691	9.45	-0.18496	-0.08212
1692	9.455	-0.18455	-0.08199
1693	9.46	-0.18414	-0.08187
1694	9.465	-0.18373	-0.08174
1695	9.47	-0.18332	-0.08162
1696	9.475	-0.18291	-0.0815
1697	9.48	-0.18251	-0.08139
1698	9.485	-0.1821	-0.08127
1699	9.49	-0.18169	-0.08116
1700	9.495	-0.18129	-0.08105
1701	9.5	-0.18088	-0.08094
1702	9.505	-0.18048	-0.08084
1703	9.51	-0.18007	-0.08073
1704	9.515	-0.17967	-0.08063
1705	9.52	-0.17927	-0.08053
1706	9.525	-0.17886	-0.08042
1707	9.53	-0.17846	-0.08033
1708	9.535	-0.17806	-0.08023
1709	9.54	-0.17766	-0.08013
1710	9.545	-0.17726	-0.08003
1711	9.55	-0.17686	-0.07994
1712	9.555	-0.17646	-0.07985
1713	9.56	-0.17606	-0.07975
1714	9.565	-0.17566	-0.07966
1715	9.57	-0.17527	-0.07957
1716	9.575	-0.17487	-0.07948
1717	9.58	-0.17447	-0.07939
1718	9.585	-0.17407	-0.0793
1719	9.59	-0.17368	-0.07921
1720	9.595	-0.17328	-0.07913
1721	9.6	-0.17289	-0.07904
1722	9.605	-0.17249	-0.07895
1723	9.61	-0.1721	-0.07886
1724	9.615	-0.1717	-0.07878
1725	9.62	-0.17131	-0.07869
1726	9.625	-0.17092	-0.07861
1727	9.63	-0.17052	-0.07852
1728	9.635	-0.17013	-0.07844
1729	9.64	-0.16974	-0.07836
1730	9.645	-0.16935	-0.07827
1731	9.65	-0.16896	-0.07819
1732	9.655	-0.16856	-0.07811
1733	9.66	-0.16817	-0.07802
1734	9.665	-0.16778	-0.07794
1735	9.67	-0.1674	-0.07786
1736	9.675	-0.16701	-0.07777
1737	9.68	-0.16662	-0.07769
1738	9.685	-0.16623	-0.07761
1739	9.69	-0.16584	-0.07753
1740	9.695	-0.16545	-0.07744
1741	9.7	-0.16507	-0.07736
1742	9.705	-0.16468	-0.07728
1743	9.71	-0.16429	-0.07719
1744	9.715	-0.16391	-0.07711
1745	9.72	-0.16352	-0.07702
1746	9.725	-0.16314	-0.07693
1747	9.73	-0.16275	-0.07685
1748	9.735	-0.16237	-0.07676
1749	9.74	-0.16199	-0.07667
1750	9.745	-0.1616	-0.07658
1751	9.75	-0.16122	-0.07649
1752	9.755	-0.16084	-0.07639
1753	9.76	-0.16046	-0.0763
1754	9.765	-0.16008	-0.0762
1755	9.77	-0.15969	-0.07611
1756	9.775	-0.15931	-0.07601
1757	9.78	-0.15893	-0.07591
1758	9.785	-0.15856	-0.07581
1759	9.79	-0.15818	-0.0757
1760	9.795	-0.1578	-0.0756
1761	9.8	-0.15742	-0.07549
1762	9.805	-0.15704	-0.07538
1763	9.81	-0.15667	-0.07527
1764	9.815	-0.15629	-0.07515
1765	9.82	-0.15592	-0.07504
1766	9.825	-0.15554	-0.07492
1767	9.83	-0.15517	-0.0748
1768	9.835	-0.15479	-0.07468
1769	9.84	-0.15442	-0.07456
1770	9.845	-0.15405	-0.07443
1771	9.85	-0.15367	-0.0743
1772	9.855	-0.1533	-0.07417
1773	9.86	-0.15293	-0.07404
1774	9.865	-0.15256	-0.0739
1775	9.87	-0.15219	-0.07377
1776	9.875	-0.15183	-0.07363
1777	9.88	-0.15146	-0.07349
1778	9.885	-0.15109	-0.07335
1779	9.89	-0.15072	-0.07321
1780	9.895	-0.15036	-0.07307
1781	9.9	-0.14999	-0.07292
1782	9.905	-0.14963	-0.07278
1783	9.91	-0.14927	-0.07263
1784	9.915	-0.1489	-0.07249
1785	9.92	-0.14854	-0.07234
1786	9.925	-0.14818	-0.07219
1787	9.93	-0.14782	-0.07204
1788	9.935	-0.14746	-0.0719
1789	9.94	-0.1471	-0.07175
1790	9.945	-0.14674	-0.0716
1791	9.95	-0.14638	-0.07145
1792	9.955	-0.14603	-0.07131
1793	9.96	-0.14567	-0.07116
1794	9.965	-0.14532	-0.07101
1795	9.97	-0.14496	-0.07087
1796	9.975	-0.14461	-0.07072
1797	9.98	-0.14425	-0.07058
1798	9.985	-0.1439	-0.07043
1799	9.99	-0.14355	-0.07029
1800	9.995	-0.1432	-0.07015
1801	10	-0.14285	-0.07001
1802	10.005	-0.1425	-0.06987
1803	10.01	-0.14215	-0.06973
1804	10.015	-0.1418	-0.06959
1805	10.02	-0.14145	-0.06946
1806	10.025	-0.14111	-0.06932
1807	10.03	-0.14076	-0.06919
1808	10.035	-0.14041	-0.06906
1809	10.04	-0.14007	-0.06893
1810	10.045	-0.13973	-0.0688
1811	10.05	-0.13938	-0.06867
1812	10.055	-0.13904	-0.06855
1813	10.06	-0.1387	-0.06842
1814	10.065	-0.13835	-0.0683
1815	10.07	-0.13801	-0.06818
1816	10.075	-0.13767	-0.06806
1817	10.08	-0.13733	-0.06795
1818	10.085	-0.13699	-0.06783
1819	10.09	-0.13665	-0.06772
1820	10.095	-0.13632	-0.06761
1821	10.1	-0.13598	-0.06749
1822	10.105	-0.13564	-0.06739
1823	10.11	-0.1353	-0.06728
1824	10.115	-0.13497	-0.06717
1825	10.12	-0.13463	-0.06707
1826	10.125	-0.1343	-0.06696
1827	10.13	-0.13396	-0.06686
1828	10.135	-0.13363	-0.06676
1829	10.14	-0.1333	-0.06665
1830	10.145	-0.13296	-0.06655
1831	10.15	-0.13263	-0.06645
1832	10.155	-0.1323	-0.06635
1833	10.16	-0.13197	-0.06626
1834	10.165	-0.13164	-0.06616
1835	10.17	-0.1313	-0.06606
1836	10.175	-0.13097	-0.06596
1837	10.18	-0.13064	-0.06587
1838	10.185	-0.13032	-0.06577
1839	10.19	-0.12999	-0.06568
1840	10.195	-0.12966	-0.06558
1841	10.2	-0.12933	-0.06549
1842	10.205	-0.129	-0.06539
1843	10.21	-0.12868	-0.0653
1844	10.215	-0.12835	-0.06521
1845	10.22	-0.12803	-0.06512
1846	10.225	-0.1277	-0.06502
1847	10.23	-0.12738	-0.06493
1848	10.235	-0.12705	-0.06484
1849	10.24	-0.12673	-0.06475
1850	10.245	-0.1264	-0.06466
1851	10.25	-0.12608	-0.06457
1852	10.255	-0.12576	-0.06448
1853	10.26	-0.12544	-0.06439
1854	10.265	-0.12511	-0.06431
1855	10.27	-0.12479	-0.06422
1856	10.275	-0.12447	-0.06413
1857	10.28	-0.12415	-0.06404
1858	10.285	-0.12383	-0.06395
1859	10.29	-0.12351	-0.06387
1860	10.295	-0.12319	-0.06378
1861	10.3	-0.12287	-0.06369
1862	10.305	-0.12256	-0.0636
1863	10.31	-0.12224	-0.06352
1864	10.315	-0.12192	-0.06343
1865	10.32	-0.1216	-0.06334
1866	10.325	-0.12129	-0.06325
1867	10.33	-0.12097	-0.06317
1868	10.335	-0.12065	-0.06308
1869	10.34	-0.12034	-0.06299
1870	10.345	-0.12003	-0.06291
1871	10.35	-0.11971	-0.06282
1872	10.355	-0.1194	-0.06273
1873	10.36	-0.11908	-0.06265
1874	10.365	-0.11877	-0.06256
1875	10.37	-0.11846	-0.06247
1876	10.375	-0.11815	-0.06239
1877	10.38	-0.11783	-0.0623
1878	10.385	-0.11752	-0.06221
1879	10.39	-0.11721	-0.06213
1880	10.395	-0.1169	-0.06204
1881	10.4	-0.11659	-0.06196
1882	10.405	-0.11628	-0.06187
1883	10.41	-0.11597	-0.06179
1884	10.415	-0.11566	-0.0617
1885	10.42	-0.11536	-0.06162
1886	10.425	-0.11505	-0.06153
1887	10.43	-0.11474	-0.06145
1888	10.435	-0.11443	-0.06137
1889	10.44	-0.11413	-0.06129
1890	10.445	-0.11382	-0.0612
1891	10.45	-0.11351	-0.06112
1892	10.455	-0.11321	-0.06104
1893	10.46	-0.1129	-0.06096
1894	10.465	-0.1126	-0.06088
1895	10.47	-0.1123	-0.0608
1896	10.475	-0.11199	-0.06071
1897	10.48	-0.11169	-0.06063
1898	10.485	-0.11139	-0.06055
1899	10.49	-0.11108	-0.06047
1900	10.495	-0.11078	-0.06039
1901	10.5	-0.11048	-0.06031
1902	10.505	-0.11018	-0.06023
1903	10.51	-0.10988	-0.06015
1904	10.515	-0.10958	-0.06007
1905	10.52	-0.10928	-0.05999
1906	10.525	-0.10898	-0.05991
1907	10.53	-0.10868	-0.05984
1908	10.535	-0.10838	-0.05976
1909	10.54	-0.10808	-0.05968
1910	10.545	-0.10778	-0.0596
1911	10.55	-0.10748	-0.05952
1912	10.555	-0.10719	-0.05945
1913	10.56	-0.10689	-0.05937
1914	10.565	-0.10659	-0.0593
1915	10.57	-0.1063	-0.05922
1916	10.575	-0.106	-0.05915
1917	10.58	-0.1057	-0.05907
1918	10.585	-0.10541	-0.059
1919	10.59	-0.10511	-0.05893
1920	10.595	-0.10482	-0.05886
1921	10.6	-0.10453	-0.05879
1922	10.605	-0.10423	-0.05872
1923	10.61	-0.10394	-0.05865
1924	10.615	-0.10365	-0.05858
1925	10.62	-0.10335	-0.05852
1926	10.625	-0.10306	-0.05845
1927	10.63	-0.10277	-0.05839
1928	10.635	-0.10248	-0.05833
1929	10.64	-0.10218	-0.05827
1930	10.645	-0.10189	-0.05821
1931	10.65	-0.1016	-0.05815
1932	10.655	-0.10131	-0.05809
1933	10.66	-0.10102	-0.05804
1934	10.665	-0.10073	-0.05798
1935	10.67	-0.10044	-0.05793
1936	10.675	-0.10015	-0.05788
1937	10.68	-0.09986	-0.05783
1938	10.685	-0.09957	-0.05778
1939	10.69	-0.09929	-0.05774
1940	10.695	-0.099	-0.05769
1941	10.7	-0.09871	-0.05765
1942	10.705	-0.09842	-0.05761
1943	10.71	-0.09813	-0.05757
1944	10.715	-0.09784	-0.05753
1945	10.72	-0.09756	-0.05749
1946	10.725	-0.09727	-0.05745
1947	10.73	-0.09698	-0.05742
1948	10.735	-0.0967	-0.05739
1949	10.74	-0.09641	-0.05736
1950	10.745	-0.09612	-0.05733
1951	10.75	-0.09584	-0.0573
1952	10.755	-0.09555	-0.05728
1953	10.76	-0.09526	-0.05725
1954	10.765	-0.09498	-0.05723
1955	10.77	-0.09469	-0.05721
1956	10.775	-0.0944	-0.05719
1957	10.78	-0.09412	-0.05717
1958	10.785	-0.09383	-0.05715
1959	10.79	-0.09355	-0.05714
1960	10.795	-0.09326	-0.05712
1961	10.8	-0.09298	-0.05711
1962	10.805	-0.09269	-0.0571
1963	10.81	-0.0924	-0.05709
1964	10.815	-0.09212	-0.05708
1965	10.82	-0.09183	-0.05707
1966	10.825	-0.09155	-0.05706
1967	10.83	-0.09126	-0.05706
1968	10.835	-0.09098	-0.05705
1969	10.84	-0.09069	-0.05704
1970	10.845	-0.09041	-0.05704
1971	10.85	-0.09012	-0.05703
1972	10.855	-0.08984	-0.05703
1973	10.86	-0.08955	-0.05703
1974	10.865	-0.08927	-0.05703
1975	10.87	-0.08898	-0.05702
1976	10.875	-0.0887	-0.05702
1977	10.88	-0.08841	-0.05702
1978	10.885	-0.08813	-0.05702
1979	10.89	-0.08784	-0.05701
1980	10.895	-0.08756	-0.05701
1981	10.9	-0.08727	-0.05701
1982	10.905	-0.08699	-0.05701
1983	10.91	-0.0867	-0.05701
1984	10.915	-0.08642	-0.05701
1985	10.92	-0.08613	-0.057
1986	10.925	-0.08585	-0.057
1987	10.93	-0.08556	-0.057
1988	10.935	-0.08528	-0.05699
1989	10.94	-0.08499	-0.05699
1990	10.945	-0.08471	-0.05698
1991	10.95	-0.08442	-0.05698
1992	10.955	-0.08414	-0.05697
1993	10.96	-0.08385	-0.05697
1994	10.965	-0.08357	-0.05696
1995	10.97	-0.08328	-0.05695
1996	10.975	-0.083	-0.05694
1997	10.98	-0.08271	-0.05693
1998	10.985	-0.08243	-0.05692
1999	10.99	-0.08214	-0.05691
2000	10.995	-0.08186	-0.0569
2001	11	-0.08157	-0.05688
2002	11.005	-0.08129	-0.05687
2003	11.01	-0.08101	-0.05685
2004	11.015	-0.08072	-0.05683
2005	11.02	-0.08044	-0.05681
2006	11.025	-0.08015	-0.05679
2007	11.03	-0.07987	-0.05677
2008	11.035	-0.07959	-0.05675
2009	11.04	-0.0793	-0.05673
2010	11.045	-0.07902	-0.0567
2011	11.05	-0.07873	-0.05667
2012	11.055	-0.07845	-0.05664
2013	11.06	-0.07817	-0.05661
2014	11.065	-0.07789	-0.05658
2015	11.07	-0.0776	-0.05655
2016	11.075	-0.07732	-0.05651
2017	11.08	-0.07704	-0.05647
2018	11.085	-0.07676	-0.05644
2019	11.09	-0.07647	-0.0564
2020	11.095	-0.07619	-0.05635
2021	11.1	-0.07591	-0.05631
2022	11.105	-0.07563	-0.05626
2023	11.11	-0.07535	-0.05621
2024	11.115	-0.07507	-0.05616
2025	11.12	-0.07479	-0.05611
2026	11.125	-0.07451	-0.05606
2027	11.13	-0.07422	-0.056
2028	11.135	-0.07395	-0.05595
2029	11.14	-0.07367	-0.05589
2030	11.145	-0.07339	-0.05582
2031	11.15	-0.07311	-0.05576
2032	11.155	-0.07283	-0.0557
2033	11.16	-0.07255	-0.05563
2034	11.165	-0.07227	-0.05556
2035	11.17	-0.07199	-0.05549
2036	11.175	-0.07172	-0.05542
2037	11.18	-0.07144	-0.05535
2038	11.185	-0.07116	-0.05527
2039	11.19	-0.07089	-0.0552
2040	11.195	-0.07061	-0.05512
2041	11.2	-0.07034	-0.05504
2042	11.205	-0.07006	-0.05496
2043	11.21	-0.06979	-0.05488
2044	11.215	-0.06951	-0.05479
2045	11.22	-0.06924	-0.05471
2046	11.225	-0.06897	-0.05463
2047	11.23	-0.06869	-0.05454
2048	11.235	-0.06842	-0.05445
2049	11.24	-0.06815	-0.05437
2050	11.245	-0.06788	-0.05428
2051	11.25	-0.06761	-0.05419
2052	11.255	-0.06733	-0.0541
2053	11.26	-0.06706	-0.05401
2054	11.265	-0.06679	-0.05392
2055	11.27	-0.06653	-0.05383
2056	11.275	-0.06626	-0.05374
2057	11.28	-0.06599	-0.05365
2058	11.285	-0.06572	-0.05356
2059	11.29	-0.06545	-0.05347
2060	11.295	-0.06518	-0.05337
2061	11.3	-0.06492	-0.05328
2062	11.305	-0.06465	-0.05319
2063	11.31	-0.06439	-0.0531
2064	11.315	-0.06412	-0.053
2065	11.32	-0.06386	-0.05291
2066	11.325	-0.06359	-0.05282
2067	11.33	-0.06333	-0.05272
2068	11.335	-0.06306	-0.05263
2069	11.34	-0.0628	-0.05254
2070	11.345	-0.06254	-0.05245
2071	11.35	-0.06228	-0.05236
2072	11.355	-0.06202	-0.05227
2073	11.36	-0.06175	-0.05218
2074	11.365	-0.06149	-0.05209
2075	11.37	-0.06123	-0.052
2076	11.375	-0.06097	-0.05191
2077	11.38	-0.06071	-0.05182
2078	11.385	-0.06046	-0.05173
2079	11.39	-0.0602	-0.05164
2080	11.395	-0.05994	-0.05156
2081	11.4	-0.05968	-0.05147
2082	11.405	-0.05942	-0.05138
2083	11.41	-0.05917	-0.0513
2084	11.415	-0.05891	-0.05121
2085	11.42	-0.05866	-0.05113
2086	11.425	-0.0584	-0.05104
2087	11.43	-0.05815	-0.05096
2088	11.435	-0.05789	-0.05087
2089	11.44	-0.05764	-0.05079
2090	11.445	-0.05738	-0.0507
2091	11.45	-0.05713	-0.05062
2092	11.455	-0.05688	-0.05054
2093	11.46	-0.05662	-0.05046
2094	11.465	-0.05637	-0.05038
2095	11.47	-0.05612	-0.0503
2096	11.475	-0.05587	-0.05022
2097	11.48	-0.05562	-0.05014
2098	11.485	-0.05537	-0.05006
2099	11.49	-0.05512	-0.04999
2100	11.495	-0.05487	-0.04991
2101	11.5	-0.05462	-0.04983
2102	11.505	-0.05437	-0.04976
2103	11.51	-0.05412	-0.04968
2104	11.515	-0.05387	-0.04961
2105	11.52	-0.05363	-0.04953
2106	11.525	-0.05338	-0.04945
2107	11.53	-0.05313	-0.04938
2108	11.535	-0.05288	-0.0493
2109	11.54	-0.05264	-0.04923
2110	11.545	-0.05239	-0.04915
2111	11.55	-0.05215	-0.04907
2112	11.555	-0.0519	-0.049
2113	11.56	-0.05166	-0.04892
2114	11.565	-0.05141	-0.04884
2115	11.57	-0.05117	-0.04876
2116	11.575	-0.05092	-0.04868
2117	11.58	-0.05068	-0.0486
2118	11.585	-0.05044	-0.04851
2119	11.59	-0.0502	-0.04843
2120	11.595	-0.04995	-0.04835
2121	11.6	-0.04971	-0.04826
2122	11.605	-0.04947	-0.04817
2123	11.61	-0.04923	-0.04808
2124	11.615	-0.04899	-0.04799
2125	11.62	-0.04875	-0.0479
2126	11.625	-0.04851	-0.0478
2127	11.63	-0.04827	-0.04771
2128	11.635	-0.04803	-0.04761
2129	11.64	-0.0478	-0.04751
2130	11.645	-0.04756	-0.04741
2131	11.65	-0.04732	-0.0473
2132	11.655	-0.04709	-0.0472
2133	11.66	-0.04685	-0.04709
2134	11.665	-0.04662	-0.04698
2135	11.67	-0.04638	-0.04686
2136	11.675	-0.04615	-0.04675
2137	11.68	-0.04591	-0.04663
2138	11.685	-0.04568	-0.04651
2139	11.69	-0.04545	-0.04639
2140	11.695	-0.04522	-0.04626
2141	11.7	-0.04499	-0.04614
2142	11.705	-0.04476	-0.04601
2143	11.71	-0.04453	-0.04587
2144	11.715	-0.0443	-0.04574
2145	11.72	-0.04407	-0.0456
2146	11.725	-0.04384	-0.04546
2147	11.73	-0.04361	-0.04532
2148	11.735	-0.04339	-0.04518
2149	11.74	-0.04316	-0.04503
2150	11.745	-0.04294	-0.04489
2151	11.75	-0.04271	-0.04474
2152	11.755	-0.04249	-0.04458
2153	11.76	-0.04227	-0.04443
2154	11.765	-0.04205	-0.04427
2155	11.77	-0.04182	-0.04412
2156	11.775	-0.0416	-0.04396
2157	11.78	-0.04138	-0.04379
2158	11.785	-0.04117	-0.04363
2159	11.79	-0.04095	-0.04347
2160	11.795	-0.04073	-0.0433
2161	11.8	-0.04052	-0.04314
2162	11.805	-0.0403	-0.04297
2163	11.81	-0.04009	-0.0428
2164	11.815	-0.03987	-0.04263
2165	11.82	-0.03966	-0.04246
2166	11.825	-0.03945	-0.04229
2167	11.83	-0.03924	-0.04212
2168	11.835	-0.03903	-0.04194
2169	11.84	-0.03882	-0.04177
2170	11.845	-0.03861	-0.0416
2171	11.85	-0.0384	-0.04143
2172	11.855	-0.03819	-0.04125
2173	11.86	-0.03799	-0.04108
2174	11.865	-0.03778	-0.04091
2175	11.87	-0.03758	-0.04074
2176	11.875	-0.03738	-0.04056
2177	11.88	-0.03717	-0.04039
2178	11.885	-0.03697	-0.04022
2179	11.89	-0.03677	-0.04005
2180	11.895	-0.03657	-0.03988
2181	11.9	-0.03637	-0.03971
2182	11.905	-0.03617	-0.03954
2183	11.91	-0.03598	-0.03938
2184	11.915	-0.03578	-0.03921
2185	11.92	-0.03559	-0.03904
2186	11.925	-0.03539	-0.03888
2187	11.93	-0.0352	-0.03871
2188	11.935	-0.035	-0.03855
2189	11.94	-0.03481	-0.03839
2190	11.945	-0.03462	-0.03823
2191	11.95	-0.03443	-0.03807
2192	11.955	-0.03424	-0.03791
2193	11.96	-0.03405	-0.03775
2194	11.965	-0.03386	-0.0376
2195	11.97	-0.03367	-0.03744
2196	11.975	-0.03349	-0.03729
2197	11.98	-0.0333	-0.03714
2198	11.985	-0.03312	-0.03699
2199	11.99	-0.03293	-0.03684
2200	11.995	-0.03275	-0.03669
2201	12	-0.03256	-0.03654
2202	12.005	-0.03238	-0.0364
2203	12.01	-0.0322	-0.03625
2204	12.015	-0.03202	-0.03611
2205	12.02	-0.03184	-0.03597
2206	12.025	-0.03166	-0.03582
2207	12.03	-0.03148	-0.03568
2208	12.035	-0.0313	-0.03555
2209	12.04	-0.03113	-0.03541
2210	12.045	-0.03095	-0.03527
2211	12.05	-0.03077	-0.03514
2212	12.055	-0.0306	-0.035
2213	12.06	-0.03042	-0.03487
2214	12.065	-0.03025	-0.03473
2215	12.07	-0.03008	-0.0346
2216	12.075	-0.0299	-0.03447
2217	12.08	-0.02973	-0.03434
2218	12.085	-0.02956	-0.0342
2219	12.09	-0.02939	-0.03407
2220	12.095	-0.02922	-0.03394
2221	12.1	-0.02905	-0.03381
2222	12.105	-0.02888	-0.03368
2223	12.11	-0.02871	-0.03355
2224	12.115	-0.02854	-0.03342
2225	12.12	-0.02838	-0.03329
2226	12.125	-0.02821	-0.03316
2227	12.13	-0.02805	-0.03303
2228	12.135	-0.02788	-0.0329
2229	12.14	-0.02772	-0.03277
2230	12.145	-0.02755	-0.03264
2231	12.15	-0.02739	-0.03251
2232	12.155	-0.02723	-0.03238
2233	12.16	-0.02707	-0.03225
2234	12.165	-0.02691	-0.03212
2235	12.17	-0.02675	-0.03199
2236	12.175	-0.02659	-0.03185
2237	12.18	-0.02643	-0.03172
2238	12.185	-0.02627	-0.03159
2239	12.19	-0.02611	-0.03146
2240	12.195	-0.02595	-0.03133
2241	12.2	-0.0258	-0.03119
2242	12.205	-0.02564	-0.03106
2243	12.21	-0.02549	-0.03093
2244	12.215	-0.02533	-0.0308
2245	12.22	-0.02518	-0.03066
2246	12.225	-0.02503	-0.03053
2247	12.23	-0.02487	-0.03039
2248	12.235	-0.02472	-0.03026
2249	12.24	-0.02457	-0.03012
2250	12.245	-0.02442	-0.02999
2251	12.25	-0.02427	-0.02985
2252	12.255	-0.02412	-0.02971
2253	12.26	-0.02398	-0.02958
2254	12.265	-0.02383	-0.02944
2255	12.27	-0.02368	-0.0293
2256	12.275	-0.02353	-0.02916
2257	12.28	-0.02339	-0.02902
2258	12.285	-0.02324	-0.02888
2259	12.29	-0.0231	-0.02874
2260	12.295	-0.02296	-0.0286
2261	12.3	-0.02281	-0.02846
2262	12.305	-0.02267	-0.02832
2263	12.31	-0.02253	-0.02817
2264	12.315	-0.02239	-0.02803
2265	12.32	-0.02225	-0.02789
2266	12.325	-0.02211	-0.02775
2267	12.33	-0.02197	-0.0276
2268	12.335	-0.02184	-0.02746
2269	12.34	-0.0217	-0.02732
2270	12.345	-0.02156	-0.02717
2271	12.35	-0.02143	-0.02703
2272	12.355	-0.02129	-0.02689
2273	12.36	-0.02116	-0.02674
2274	12.365	-0.02102	-0.0266
2275	12.37	-0.02089	-0.02646
2276	12.375	-0.02076	-0.02632
2277	12.38	-0.02063	-0.02617
2278	12.385	-0.0205	-0.02603
2279	12.39	-0.02037	-0.02589
2280	12.395	-0.02024	-0.02575
2281	12.4	-0.02011	-0.02561
2282	12.405	-0.01998	-0.02548
2283	12.41	-0.01986	-0.02534
2284	12.415	-0.01973	-0.0252
2285	12.42	-0.0196	-0.02507
2286	12.425	-0.01948	-0.02493
2287	12.43	-0.01935	-0.0248
2288	12.435	-0.01923	-0.02466
2289	12.44	-0.01911	-0.02453
2290	12.445	-0.01899	-0.0244
2291	12.45	-0.01886	-0.02427
2292	12.455	-0.01874	-0.02414
2293	12.46	-0.01862	-0.02401
2294	12.465	-0.0185	-0.02388
2295	12.47	-0.01838	-0.02376
2296	12.475	-0.01827	-0.02363
2297	12.48	-0.01815	-0.02351
2298	12.485	-0.01803	-0.02338
2299	12.49	-0.01791	-0.02326
2300	12.495	-0.0178	-0.02314
2301	12.5	-0.01768	-0.02302
2302	12.505	-0.01757	-0.02291
2303	12.51	-0.01745	-0.02279
2304	12.515	-0.01734	-0.02268
2305	12.52	-0.01723	-0.02256
2306	12.525	-0.01711	-0.02245
2307	12.53	-0.017	-0.02234
2308	12.535	-0.01689	-0.02223
2309	12.54	-0.01678	-0.02212
2310	12.545	-0.01667	-0.02202
2311	12.55	-0.01656	-0.02191
2312	12.555	-0.01645	-0.02181
2313	12.56	-0.01634	-0.0217
2314	12.565	-0.01623	-0.0216
2315	12.57	-0.01613	-0.0215
2316	12.575	-0.01602	-0.0214
2317	12.58	-0.01591	-0.0213
2318	12.585	-0.01581	-0.0212
2319	12.59	-0.0157	-0.0211
2320	12.595	-0.01559	-0.02101
2321	12.6	-0.01549	-0.02091
2322	12.605	-0.01539	-0.02081
2323	12.61	-0.01528	-0.02072
2324	12.615	-0.01518	-0.02062
2325	12.62	-0.01508	-0.02053
2326	12.625	-0.01497	-0.02043
2327	12.63	-0.01487	-0.02034
2328	12.635	-0.01477	-0.02024
2329	12.64	-0.01467	-0.02015
2330	12.645	-0.01457	-0.02006
2331	12.65	-0.01447	-0.01996
2332	12.655	-0.01437	-0.01987
2333	12.66	-0.01427	-0.01978
2334	12.665	-0.01417	-0.01968
2335	12.67	-0.01407	-0.01959
2336	12.675	-0.01397	-0.0195
2337	12.68	-0.01388	-0.01941
2338	12.685	-0.01378	-0.01932
2339	12.69	-0.01368	-0.01922
2340	12.695	-0.01359	-0.01913
2341	12.7	-0.01349	-0.01904
2342	12.705	-0.0134	-0.01895
2343	12.71	-0.0133	-0.01886
2344	12.715	-0.01321	-0.01877
2345	12.72	-0.01312	-0.01868
2346	12.725	-0.01302	-0.0186
2347	12.73	-0.01293	-0.01851
2348	12.735	-0.01284	-0.01842
2349	12.74	-0.01275	-0.01834
2350	12.745	-0.01265	-0.01825
2351	12.75	-0.01256	-0.01817
2352	12.755	-0.01247	-0.01808
2353	12.76	-0.01238	-0.018
2354	12.765	-0.01229	-0.01792
2355	12.77	-0.0122	-0.01783
2356	12.775	-0.01211	-0.01775
2357	12.78	-0.01203	-0.01767
2358	12.785	-0.01194	-0.01759
2359	12.79	-0.01185	-0.01752
2360	12.795	-0.01176	-0.01744
2361	12.8	-0.01168	-0.01736
2362	12.805	-0.01159	-0.01729
2363	12.81	-0.0115	-0.01721
2364	12.815	-0.01142	-0.01714
2365	12.82	-0.01133	-0.01707
2366	12.825	-0.01125	-0.01699
2367	12.83	-0.01116	-0.01692
2368	12.835	-0.01108	-0.01685
2369	12.84	-0.01099	-0.01678
2370	12.845	-0.01091	-0.01671
2371	12.85	-0.01083	-0.01664
2372	12.855	-0.01074	-0.01657
2373	12.86	-0.01066	-0.0165
2374	12.865	-0.01058	-0.01643
2375	12.87	-0.0105	-0.01637
2376	12.875	-0.01041	-0.0163
2377	12.88	-0.01033	-0.01623
2378	12.885	-0.01025	-0.01617
2379	12.89	-0.01017	-0.0161
2380	12.895	-0.01009	-0.01604
2381	12.9	-0.01001	-0.01597
2382	12.905	-0.00993	-0.01591
2383	12.91	-0.00985	-0.01584
2384	12.915	-0.00977	-0.01578
2385	12.92	-0.00969	-0.01571
2386	12.925	-0.00962	-0.01565
2387	12.93	-0.00954	-0.01559
2388	12.935	-0.00946	-0.01552
2389	12.94	-0.00938	-0.01546
2390	12.945	-0.0093	-0.0154
2391	12.95	-0.00923	-0.01533
2392	12.955	-0.00915	-0.01527
2393	12.96	-0.00908	-0.01521
2394	12.965	-0.009	-0.01515
2395	12.97	-0.00892	-0.01508
2396	12.975	-0.00885	-0.01502
2397	12.98	-0.00877	-0.01496
2398	12.985	-0.0087	-0.0149
2399	12.99	-0.00862	-0.01483
2400	12.995	-0.00855	-0.01477
2401	13	-0.00848	-0.01471
2402	13.005	-0.0084	-0.01465
2403	13.01	-0.00833	-0.01458
2404	13.015	-0.00826	-0.01452
2405	13.02	-0.00819	-0.01446
2406	13.025	-0.00811	-0.0144
2407	13.03	-0.00804	-0.01433
2408	13.035	-0.00797	-0.01427
2409	13.04	-0.0079	-0.01421
2410	13.045	-0.00783	-0.01415
2411	13.05	-0.00776	-0.01409
2412	13.055	-0.00769	-0.01402
2413	13.06	-0.00762	-0.01396
2414	13.065	-0.00755	-0.0139
2415	13.07	-0.00748	-0.01384
2416	13.075	-0.00741	-0.01378
2417	13.08	-0.00734	-0.01372
2418	13.085	-0.00727	-0.01366
2419	13.09	-0.0072	-0.0136
2420	13.095	-0.00714	-0.01354
2421	13.1	-0.00707	-0.01348
2422	13.105	-0.007	-0.01342
2423	13.11	-0.00693	-0.01336
2424	13.115	-0.00687	-0.0133
2425	13.12	-0.0068	-0.01323
2426	13.125	-0.00673	-0.01317
2427	13.13	-0.00667	-0.01311
2428	13.135	-0.0066	-0.01305
2429	13.14	-0.00654	-0.01299
2430	13.145	-0.00647	-0.01293
2431	13.15	-0.00641	-0.01287
2432	13.155	-0.00635	-0.0128
2433	13.16	-0.00628	-0.01274
2434	13.165	-0.00622	-0.01268
2435	13.17	-0.00615	-0.01262
2436	13.175	-0.00609	-0.01256
2437	13.18	-0.00603	-0.01249
2438	13.185	-0.00597	-0.01243
2439	13.19	-0.0059	-0.01237
2440	13.195	-0.00584	-0.01231
2441	13.2	-0.00578	-0.01224
2442	13.205	-0.00572	-0.01218
2443	13.21	-0.00566	-0.01212
2444	13.215	-0.0056	-0.01206
2445	13.22	-0.00554	-0.01199
2446	13.225	-0.00548	-0.01193
2447	13.23	-0.00542	-0.01187
2448	13.235	-0.00536	-0.0118
2449	13.24	-0.0053	-0.01174
2450	13.245	-0.00524	-0.01168
2451	13.25	-0.00518	-0.01162
2452	13.255	-0.00513	-0.01156
2453	13.26	-0.00507	-0.0115
2454	13.265	-0.00501	-0.01144
2455	13.27	-0.00496	-0.01137
2456	13.275	-0.0049	-0.01133
2457	13.28	-0.00484	-0.0113
2458	13.285	-0.00479	-0.01125
2459	13.29	-0.00473	-0.01118
2460	13.295	-0.00467	-0.01111
2461	13.3	-0.00462	-0.01105
2462	13.305	-0.00456	-0.01098
2463	13.31	-0.00451	-0.01091
2464	13.315	-0.00445	-0.01084
2465	13.32	-0.0044	-0.01077
2466	13.325	-0.00435	-0.0107
2467	13.33	-0.00429	-0.01063
2468	13.335	-0.00424	-0.01055
2469	13.34	-0.00419	-0.01048
2470	13.345	-0.00414	-0.01041
2471	13.35	-0.00408	-0.01034
2472	13.355	-0.00403	-0.01027
2473	13.36	-0.00398	-0.0102
2474	13.365	-0.00393	-0.01013
2475	13.37	-0.00388	-0.01005
2476	13.375	-0.00383	-0.00998
2477	13.38	-0.00378	-0.00991
2478	13.385	-0.00373	-0.00984
2479	13.39	-0.00368	-0.00976
2480	13.395	-0.00363	-0.00969
2481	13.4	-0.00358	-0.00962
2482	13.405	-0.00354	-0.00954
2483	13.41	-0.00349	-0.00947
2484	13.415	-0.00344	-0.0094
2485	13.42	-0.00339	-0.00932
2486	13.425	-0.00335	-0.00925
2487	13.43	-0.0033	-0.00918
2488	13.435	-0.00326	-0.0091
2489	13.44	-0.00321	-0.00903
2490	13.445	-0.00317	-0.00895
2491	13.45	-0.00312	-0.00888
2492	13.455	-0.00308	-0.00881
2493	13.46	-0.00303	-0.00873
2494	13.465	-0.00299	-0.00866
2495	13.47	-0.00295	-0.00858
2496	13.475	-0.0029	-0.00851
2497	13.48	-0.00286	-0.00843
2498	13.485	-0.00282	-0.00836
2499	13.49	-0.00278	-0.00829
2500	13.495	-0.00274	-0.00821
2501	13.5	-0.0027	-0.00814
2502	13.505	-0.00266	-0.00806
2503	13.51	-0.00262	-0.00799
2504	13.515	-0.00258	-0.00792
2505	13.52	-0.00254	-0.00784
2506	13.525	-0.0025	-0.00777
2507	13.53	-0.00246	-0.00769
2508	13.535	-0.00242	-0.00762
2509	13.54	-0.00238	-0.00755
2510	13.545	-0.00235	-0.00747
2511	13.55	-0.00231	-0.0074
2512	13.555	-0.00227	-0.00733
2513	13.56	-0.00223	-0.00725
2514	13.565	-0.0022	-0.00718
2515	13.57	-0.00216	-0.00711
2516	13.575	-0.00213	-0.00704
2517	13.58	-0.00209	-0.00696
2518	13.585	-0.00206	-0.00689
2519	13.59	-0.00202	-0.00682
2520	13.595	-0.00199	-0.00675
2521	13.6	-0.00196	-0.00668
2522	13.605	-0.00192	-0.00661
2523	13.61	-0.00189	-0.00653
2524	13.615	-0.00186	-0.00646
2525	13.62	-0.00183	-0.00639
2526	13.625	-0.00179	-0.00632
2527	13.63	-0.00176	-0.00625
2528	13.635	-0.00173	-0.00618
2529	13.64	-0.0017	-0.00611
2530	13.645	-0.00167	-0.00604
2531	13.65	-0.00164	-0.00597
2532	13.655	-0.00161	-0.0059
2533	13.66	-0.00158	-0.00584
2534	13.665	-0.00155	-0.00577
2535	13.67	-0.00152	-0.0057
2536	13.675	-0.00149	-0.00563
2537	13.68	-0.00147	-0.00556
2538	13.685	-0.00144	-0.0055
2539	13.69	-0.00141	-0.00543
2540	13.695	-0.00138	-0.00536
2541	13.7	-0.00136	-0.0053
2542	13.705	-0.00133	-0.00523
2543	13.71	-0.00131	-0.00517
2544	13.715	-0.00128	-0.0051
2545	13.72	-0.00125	-0.00504
2546	13.725	-0.00123	-0.00497
2547	13.73	-0.00121	-0.00491
2548	13.735	-0.00118	-0.00484
2549	13.74	-0.00116	-0.00478
2550	13.745	-0.00113	-0.00472
2551	13.75	-0.00111	-0.00465
2552	13.755	-0.00109	-0.00459
2553	13.76	-0.00106	-0.00453
2554	13.765	-0.00104	-0.00447
2555	13.77	-0.00102	-0.00441
2556	13.775	-9.97185E-4	-0.00434
2557	13.78	-9.75619E-4	-0.00428
2558	13.785	-9.54357E-4	-0.00422
2559	13.79	-9.33398E-4	-0.00416
2560	13.795	-9.1274E-4	-0.0041
2561	13.8	-8.92381E-4	-0.00404
2562	13.805	-8.72321E-4	-0.00398
2563	13.81	-8.52556E-4	-0.00392
2564	13.815	-8.33086E-4	-0.00386
2565	13.82	-8.13909E-4	-0.00381
2566	13.825	-7.95024E-4	-0.00375
2567	13.83	-7.76429E-4	-0.00369
2568	13.835	-7.58121E-4	-0.00363
2569	13.84	-7.40101E-4	-0.00358
2570	13.845	-7.22365E-4	-0.00352
2571	13.85	-7.04913E-4	-0.00346
2572	13.855	-6.87742E-4	-0.00341
2573	13.86	-6.70852E-4	-0.00335
2574	13.865	-6.5424E-4	-0.00329
2575	13.87	-6.37905E-4	-0.00324
2576	13.875	-6.21845E-4	-0.00318
2577	13.88	-6.06059E-4	-0.00313
2578	13.885	-5.90544E-4	-0.00308
2579	13.89	-5.75299E-4	-0.00302
2580	13.895	-5.60323E-4	-0.00297
2581	13.9	-5.45613E-4	-0.00292
2582	13.905	-5.31169E-4	-0.00286
2583	13.91	-5.16987E-4	-0.00281
2584	13.915	-5.03067E-4	-0.00276
2585	13.92	-4.89407E-4	-0.00271
2586	13.925	-4.76004E-4	-0.00265
2587	13.93	-4.62857E-4	-0.0026
2588	13.935	-4.49965E-4	-0.00255
2589	13.94	-4.37325E-4	-0.0025
2590	13.945	-4.24935E-4	-0.00245
2591	13.95	-4.12794E-4	-0.0024
2592	13.955	-4.00899E-4	-0.00235
2593	13.96	-3.8925E-4	-0.00231
2594	13.965	-3.77843E-4	-0.00226
2595	13.97	-3.66676E-4	-0.00221
2596	13.975	-3.55749E-4	-0.00216
2597	13.98	-3.45058E-4	-0.00211
2598	13.985	-3.34602E-4	-0.00207
2599	13.99	-3.24378E-4	-0.00202
2600	13.995	-3.14385E-4	-0.00198
2601	14	-3.0462E-4	-0.00193
2602	14.005	-2.95081E-4	-0.00189
2603	14.01	-2.85767E-4	-0.00184
2604	14.015	-2.76674E-4	-0.0018
2605	14.02	-2.67801E-4	-0.00175
2606	14.025	-2.59145E-4	-0.00171
2607	14.03	-2.50704E-4	-0.00167
2608	14.035	-2.42475E-4	-0.00162
2609	14.04	-2.34457E-4	-0.00158
2610	14.045	-2.26648E-4	-0.00154
2611	14.05	-2.19043E-4	-0.0015
2612	14.055	-2.11642E-4	-0.00146
2613	14.06	-2.04441E-4	-0.00142
2614	14.065	-1.97439E-4	-0.00138
2615	14.07	-1.90632E-4	-0.00134
2616	14.075	-1.84019E-4	-0.0013
2617	14.08	-1.77596E-4	-0.00127
2618	14.085	-1.71361E-4	-0.00123
2619	14.09	-1.65311E-4	-0.00119
2620	14.095	-1.59444E-4	-0.00116
2621	14.1	-1.53757E-4	-0.00112
2622	14.105	-1.48248E-4	-0.00108
2623	14.11	-1.42913E-4	-0.00105
2624	14.115	-1.3775E-4	-0.00102
2625	14.12	-1.32756E-4	-9.82142E-4
2626	14.125	-1.27928E-4	-9.49159E-4
2627	14.13	-1.23264E-4	-9.16741E-4
2628	14.135	-1.18761E-4	-8.84892E-4
2629	14.14	-1.14415E-4	-8.53617E-4
2630	14.145	-1.10225E-4	-8.22919E-4
2631	14.15	-1.06186E-4	-7.92802E-4
2632	14.155	-1.02297E-4	-7.63269E-4
2633	14.16	-9.85536E-5	-7.34324E-4
2634	14.165	-9.49536E-5	-7.0597E-4
2635	14.17	-9.14939E-5	-6.7821E-4
2636	14.175	-8.81715E-5	-6.51047E-4
2637	14.18	-8.49834E-5	-6.24482E-4
2638	14.185	-8.19267E-5	-5.98518E-4
2639	14.19	-7.89983E-5	-5.73156E-4
2640	14.195	-7.61951E-5	-5.48399E-4
2641	14.2	-7.35143E-5	-5.24248E-4
2642	14.205	-7.09527E-5	-5.00703E-4
2643	14.21	-6.85073E-5	-4.77764E-4
2644	14.215	-6.6175E-5	-4.55434E-4
2645	14.22	-6.39529E-5	-4.33711E-4
2646	14.225	-6.18379E-5	-4.12595E-4
2647	14.23	-5.9827E-5	-3.92085E-4
2648	14.235	-5.79171E-5	-3.7218E-4
2649	14.24	-5.61052E-5	-3.52879E-4
2650	14.245	-5.43883E-5	-3.3418E-4
2651	14.25	-5.27634E-5	-3.18856E-4
2652	14.255	-5.11997E-5	-3.09568E-4
2653	14.26	-4.96677E-5	-3.0332E-4
2654	14.265	-4.81665E-5	-2.97218E-4
2655	14.27	-4.66955E-5	-2.91251E-4
2656	14.275	-4.5254E-5	-2.85408E-4
2657	14.28	-4.38414E-5	-2.79675E-4
2658	14.285	-4.24573E-5	-2.74041E-4
2659	14.29	-4.1101E-5	-2.68495E-4
2660	14.295	-3.97723E-5	-2.63027E-4
2661	14.3	-3.84707E-5	-2.57628E-4
2662	14.305	-3.7196E-5	-2.52292E-4
2663	14.31	-3.59478E-5	-2.47011E-4
2664	14.315	-3.47259E-5	-2.41781E-4
2665	14.32	-3.353E-5	-2.36596E-4
2666	14.325	-3.23599E-5	-2.31455E-4
2667	14.33	-3.12155E-5	-2.26353E-4
2668	14.335	-3.00964E-5	-2.21288E-4
2669	14.34	-2.90026E-5	-2.1626E-4
2670	14.345	-2.79338E-5	-2.11266E-4
2671	14.35	-2.68899E-5	-2.06306E-4
2672	14.355	-2.58708E-5	-2.0138E-4
2673	14.36	-2.48761E-5	-1.96486E-4
2674	14.365	-2.39059E-5	-1.91625E-4
2675	14.37	-2.29599E-5	-1.86796E-4
2676	14.375	-2.20379E-5	-1.82001E-4
2677	14.38	-2.11399E-5	-1.77238E-4
2678	14.385	-2.02656E-5	-1.72508E-4
2679	14.39	-1.94148E-5	-1.67812E-4
2680	14.395	-1.85874E-5	-1.63149E-4
2681	14.4	-1.77833E-5	-1.58519E-4
2682	14.405	-1.70022E-5	-1.53924E-4
2683	14.41	-1.62441E-5	-1.49363E-4
2684	14.415	-1.55086E-5	-1.44836E-4
2685	14.42	-1.47957E-5	-1.40344E-4
2686	14.425	-1.41052E-5	-1.35886E-4
2687	14.43	-1.34368E-5	-1.31464E-4
2688	14.435	-1.27905E-5	-1.27076E-4
2689	14.44	-1.21661E-5	-1.22724E-4
2690	14.445	-1.15633E-5	-1.18406E-4
2691	14.45	-1.0982E-5	-1.14124E-4
2692	14.455	-1.04221E-5	-1.09877E-4
2693	14.46	-9.88324E-6	-1.05666E-4
2694	14.465	-9.3654E-6	-1.01489E-4
2695	14.47	-8.86835E-6	-9.73477E-5
2696	14.475	-8.39192E-6	-9.32414E-5
2697	14.48	-7.93594E-6	-8.917E-5
2698	14.485	-7.50022E-6	-8.51335E-5
2699	14.49	-7.0846E-6	-8.11317E-5
2700	14.495	-6.6889E-6	-7.71645E-5
2701	14.5	-6.31296E-6	-7.32318E-5
2702	14.505	-5.95659E-6	-6.93334E-5
2703	14.51	-5.61962E-6	-6.54692E-5
2704	14.515	-5.30189E-6	-6.16388E-5
2705	14.52	-5.00323E-6	-5.78422E-5
2706	14.525	-4.72347E-6	-5.40791E-5
2707	14.53	-4.46244E-6	-5.03494E-5
2708	14.535	-4.21998E-6	-4.66527E-5
2709	14.54	-3.99591E-6	-4.2989E-5
2710	14.545	-3.79009E-6	-3.93579E-5
2711	14.55	-3.60234E-6	-3.57593E-5
2712	14.555	-3.4325E-6	-3.21928E-5
2713	14.56	-3.28041E-6	-2.86583E-5
2714	14.565	-3.14591E-6	-2.51555E-5
2715	14.57	-3.02885E-6	-2.16841E-5
2716	14.575	-2.92907E-6	-1.82439E-5
2717	14.58	-2.84641E-6	-1.48347E-5
2718	14.585	-2.78072E-6	-1.14562E-5
2719	14.59	-2.73185E-6	-8.1082E-6
2720	14.595	-2.69964E-6	-4.79035E-6
2721	14.6	-2.68395E-6	-2.69964E-4
2722	14.605	0	-2.68395E-4
2723	14.61	0	0
2724	14.615	0	0
2725	14.62	0	0
2726	14.625	0	0
2727	14.63	0	0
2728	14.635	0	0
2729	14.64	0	0
2730	14.645	0	0
2731	14.65	0	0
2732	14.655	0	0
2733	14.66	0	0
2734	14.665	0	0
2735	14.67	0	0
2736	14.675	0	0
2737	14.68	0	0
2738	14.685	0	0
2739	14.69	0	0
2740	14.695	0	0
2741	14.7	0	0
2742	14.705	0	0
2743	14.71	0	0
2744	14.715	0	0
2745	14.72	0	0
2746	14.725	0	0
2747	14.73	0	0
2748	14.735	0	0
2749	14.74	0	0
2750	14.745	0	0
2751	14.75	0	0
2752	14.755	0	0
2753	14.76	0	0
2754	14.765	0	0
2755	14.77	0	0
2756	14.775	0	0
2757	14.78	0	0
2758	14.785	0	0
2759	14.79	0	0
2760	14.795	0	0
2761	14.8	0	0
2762	14.805	0	0
2763	14.81	0	0
2764	14.815	0	0
2765	14.82	0	0
2766	14.825	0	0
2767	14.83	0	0
2768	14.835	0	0
2769	14.84	0	0
2770	14.845	0	0
2771	14.85	0	0
2772	14.855	0	0
2773	14.86	0	0
2774	14.865	0	0
2775	14.87	0	0
2776	14.875	0	0
2777	14.88	0	0
2778	14.885	0	0
2779	14.89	0	0
2780	14.895	0	0
2781	14.9	0	0
2782	14.905	0	0
2783	14.91	0	0
2784	14.915	0	0
2785	14.92	0	0
2786	14.925	0	0
2787	14.93	0	0
2788	14.935	0	0
2789	14.94	0	0
2790	14.945	0	0
2791	14.95	0	0
2792	14.955	0	0
2793	14.96	0	0
2794	14.965	0	0
2795	14.97	0	0
2796	14.975	0	0
2797	14.98	0	0
2798	14.985	0	0
2799	14.99	0	0
2800	14.995	0	0
2801	15	0	0
