BOCS
N 2801

1	1	194.73823	242.86773
2	1.005	193.52389	242.26878
3	1.01	192.31554	241.07126
4	1.015	191.11318	239.87457
5	1.02	189.9168	238.67876
6	1.025	188.72639	237.48388
7	1.03	187.54196	236.28999
8	1.035	186.36349	235.0971
9	1.04	185.19099	233.90526
10	1.045	184.02444	232.71447
11	1.05	182.86384	231.52474
12	1.055	181.70919	230.3361
13	1.06	180.56048	229.14853
14	1.065	179.41771	227.96204
15	1.07	178.28086	226.77663
16	1.075	177.14994	225.59229
17	1.08	176.02494	224.40902
18	1.085	174.90585	223.2268
19	1.09	173.79267	222.04562
20	1.095	172.68539	220.86547
21	1.1	171.58402	219.68633
22	1.105	170.48853	218.50819
23	1.11	169.39893	217.33102
24	1.115	168.31522	216.15482
25	1.12	167.23739	214.97954
26	1.125	166.16543	213.80517
27	1.13	165.09933	212.63168
28	1.135	164.03911	211.45904
29	1.14	162.98474	210.28721
30	1.145	161.93624	209.11616
31	1.15	160.89358	207.94583
32	1.155	159.85678	206.77619
33	1.16	158.82582	205.60718
34	1.165	157.80071	204.43874
35	1.17	156.78143	203.27082
36	1.175	155.768	202.10333
37	1.18	154.7604	200.93621
38	1.185	153.75864	199.76936
39	1.19	152.76271	198.6027
40	1.195	151.77261	197.43612
41	1.2	150.78835	196.2695
42	1.205	149.80991	195.10272
43	1.21	148.83732	193.93565
44	1.215	147.87056	192.76812
45	1.22	146.90964	191.59996
46	1.225	145.95456	190.431
47	1.23	145.00533	189.26101
48	1.235	144.06195	188.08977
49	1.24	143.12443	186.91701
50	1.245	142.19278	185.74245
51	1.25	141.267	184.56574
52	1.255	140.34712	183.38653
53	1.26	139.43314	182.20438
54	1.265	138.52508	181.01884
55	1.27	137.62295	179.82935
56	1.275	136.72678	178.63533
57	1.28	135.8366	177.4361
58	1.285	134.95242	176.23093
59	1.29	134.07429	175.01906
60	1.295	133.20223	173.79972
61	1.3	132.33629	172.57226
62	1.305	131.47651	171.33632
63	1.31	130.62293	170.09216
64	1.315	129.77559	168.84118
65	1.32	128.93452	167.58676
66	1.325	128.09972	166.33545
67	1.33	127.27116	165.09823
68	1.335	126.44874	163.89116
69	1.34	125.63225	162.73301
70	1.345	124.82141	161.63533
71	1.35	124.0159	160.61894
72	1.355	123.21522	159.61975
73	1.36	122.4197	158.59111
74	1.365	121.62931	157.56909
75	1.37	120.84401	156.55366
76	1.375	120.06377	155.54477
77	1.38	119.28856	154.54238
78	1.385	118.51835	153.54646
79	1.39	117.7531	152.55695
80	1.395	116.99278	151.57382
81	1.4	116.23736	150.59702
82	1.405	115.48681	149.62652
83	1.41	114.74109	148.66228
84	1.415	114.00018	147.70424
85	1.42	113.26405	146.75238
86	1.425	112.53266	145.80666
87	1.43	111.80598	144.86703
88	1.435	111.08399	143.93345
89	1.44	110.36665	143.0059
90	1.445	109.65393	142.08431
91	1.45	108.94581	141.16867
92	1.455	108.24224	140.25893
93	1.46	107.54322	139.35505
94	1.465	106.84869	138.457
95	1.47	106.15865	137.56473
96	1.475	105.47305	136.67822
97	1.48	104.79186	135.79741
98	1.485	104.11507	134.92229
99	1.49	103.44264	134.0528
100	1.495	102.77454	133.18892
101	1.5	102.11075	132.3306
102	1.505	101.45124	131.47781
103	1.51	100.79597	130.63052
104	1.515	100.14493	129.78869
105	1.52	99.49809	128.95229
106	1.525	98.85541	128.12128
107	1.53	98.21687	127.29562
108	1.535	97.58245	126.47528
109	1.54	96.95212	125.66023
110	1.545	96.32585	124.85043
111	1.55	95.70362	124.04585
112	1.555	95.08539	123.24645
113	1.56	94.47115	122.45221
114	1.565	93.86087	121.66308
115	1.57	93.25452	120.87904
116	1.575	92.65208	120.10005
117	1.58	92.05352	119.32609
118	1.585	91.45882	118.55711
119	1.59	90.86795	117.79308
120	1.595	90.28089	117.03398
121	1.6	89.69761	116.27977
122	1.605	89.11809	115.53042
123	1.61	88.54231	114.7859
124	1.615	87.97023	114.04618
125	1.62	87.40184	113.31123
126	1.625	86.83712	112.58101
127	1.63	86.27603	111.8555
128	1.635	85.71857	111.13466
129	1.64	85.16469	110.41847
130	1.645	84.61438	109.7069
131	1.65	84.06762	108.9999
132	1.655	83.52438	108.29747
133	1.66	82.98464	107.59956
134	1.665	82.44839	106.90615
135	1.67	81.91558	106.21721
136	1.675	81.38621	105.53271
137	1.68	80.86026	104.85262
138	1.685	80.33769	104.17691
139	1.69	79.81849	103.50556
140	1.695	79.30263	102.83853
141	1.7	78.7901	102.1758
142	1.705	78.28087	101.51735
143	1.71	77.77493	100.86313
144	1.715	77.27224	100.21314
145	1.72	76.7728	99.56733
146	1.725	76.27657	98.92568
147	1.73	75.78354	98.28817
148	1.735	75.29369	97.65476
149	1.74	74.80699	97.02544
150	1.745	74.32343	96.40017
151	1.75	73.84299	95.77894
152	1.755	73.36564	95.1617
153	1.76	72.89137	94.54845
154	1.765	72.42016	93.93914
155	1.77	71.95198	93.33377
156	1.775	71.48682	92.73229
157	1.78	71.02466	92.13469
158	1.785	70.56547	91.54094
159	1.79	70.10925	90.95102
160	1.795	69.65596	90.3649
161	1.8	69.2056	89.78255
162	1.805	68.75814	89.20396
163	1.81	68.31356	88.6291
164	1.815	67.87185	88.05794
165	1.82	67.43298	87.49047
166	1.825	66.99694	86.92665
167	1.83	66.56372	86.36646
168	1.835	66.13328	85.80989
169	1.84	65.70562	85.2569
170	1.845	65.28071	84.70747
171	1.85	64.85854	84.16159
172	1.855	64.43909	83.61922
173	1.86	64.02235	83.08035
174	1.865	63.60829	82.54495
175	1.87	63.1969	82.013
176	1.875	62.78816	81.48448
177	1.88	62.38206	80.95936
178	1.885	61.97857	80.43763
179	1.89	61.57768	79.91926
180	1.895	61.17937	79.40423
181	1.9	60.78364	78.89252
182	1.905	60.39045	78.38411
183	1.91	59.9998	77.87898
184	1.915	59.61166	77.3771
185	1.92	59.22602	76.87845
186	1.925	58.84287	76.38302
187	1.93	58.46219	75.89078
188	1.935	58.08397	75.40171
189	1.94	57.70818	74.9158
190	1.945	57.33481	74.43301
191	1.95	56.96385	73.95334
192	1.955	56.59528	73.47676
193	1.96	56.22908	73.00325
194	1.965	55.86524	72.53279
195	1.97	55.50375	72.06536
196	1.975	55.14459	71.60095
197	1.98	54.78774	71.13953
198	1.985	54.43319	70.68108
199	1.99	54.08093	70.22558
200	1.995	53.73094	69.77302
201	2	53.3832	69.32338
202	2.005	53.0377	68.87664
203	2.01	52.69443	68.43277
204	2.015	52.35338	67.99177
205	2.02	52.01452	67.5536
206	2.025	51.67784	67.11826
207	2.03	51.34333	66.68573
208	2.035	51.01098	66.25598
209	2.04	50.68077	65.82901
210	2.045	50.35269	65.40478
211	2.05	50.02673	64.98329
212	2.055	49.70286	64.56451
213	2.06	49.38108	64.14844
214	2.065	49.06138	63.73504
215	2.07	48.74373	63.32431
216	2.075	48.42813	62.91623
217	2.08	48.11457	62.51077
218	2.085	47.80303	62.10793
219	2.09	47.49349	61.70768
220	2.095	47.18595	61.31002
221	2.1	46.88039	60.91491
222	2.105	46.5768	60.52236
223	2.11	46.27517	60.13233
224	2.115	45.97548	59.74482
225	2.12	45.67772	59.3598
226	2.125	45.38188	58.97726
227	2.13	45.08794	58.59719
228	2.135	44.79591	58.21957
229	2.14	44.50575	57.84438
230	2.145	44.21746	57.47161
231	2.15	43.93103	57.10125
232	2.155	43.64645	56.73327
233	2.16	43.3637	56.36766
234	2.165	43.08277	56.0044
235	2.17	42.80366	55.64349
236	2.175	42.52634	55.2849
237	2.18	42.25081	54.92863
238	2.185	41.97705	54.57465
239	2.19	41.70506	54.22295
240	2.195	41.43482	53.87352
241	2.2	41.16633	53.52634
242	2.205	40.89956	53.1814
243	2.21	40.63451	52.83868
244	2.215	40.37117	52.49816
245	2.22	40.10953	52.15985
246	2.225	39.84957	51.82371
247	2.23	39.59129	51.48974
248	2.235	39.33468	51.15792
249	2.24	39.07971	50.82824
250	2.245	38.82639	50.50069
251	2.25	38.57471	50.17524
252	2.255	38.32464	49.8519
253	2.26	38.07619	49.53063
254	2.265	37.82934	49.21144
255	2.27	37.58407	48.8943
256	2.275	37.34039	48.57921
257	2.28	37.09828	48.26615
258	2.285	36.85773	47.9551
259	2.29	36.61873	47.64606
260	2.295	36.38127	47.33902
261	2.3	36.14534	47.03395
262	2.305	35.91093	46.73084
263	2.31	35.67803	46.42969
264	2.315	35.44663	46.13048
265	2.32	35.21673	45.8332
266	2.325	34.9883	45.53784
267	2.33	34.76135	45.24438
268	2.335	34.53586	44.9528
269	2.34	34.31182	44.66311
270	2.345	34.08923	44.37529
271	2.35	33.86807	44.08932
272	2.355	33.64833	43.80519
273	2.36	33.43002	43.52289
274	2.365	33.2131	43.24242
275	2.37	32.99759	42.96375
276	2.375	32.78347	42.68687
277	2.38	32.57072	42.41178
278	2.385	32.35935	42.13847
279	2.39	32.14934	41.86691
280	2.395	31.94068	41.59711
281	2.4	31.73337	41.32904
282	2.405	31.52739	41.0627
283	2.41	31.32274	40.79808
284	2.415	31.11941	40.53516
285	2.42	30.91739	40.27394
286	2.425	30.71667	40.0144
287	2.43	30.51724	39.75653
288	2.435	30.3191	39.50033
289	2.44	30.12224	39.24577
290	2.445	29.92665	38.99286
291	2.45	29.73231	38.74157
292	2.455	29.53923	38.49191
293	2.46	29.34739	38.24385
294	2.465	29.15679	37.9974
295	2.47	28.96742	37.75253
296	2.475	28.77927	37.50924
297	2.48	28.59233	37.26751
298	2.485	28.40659	37.02735
299	2.49	28.22205	36.78873
300	2.495	28.0387	36.55165
301	2.5	27.85654	36.3161
302	2.505	27.67554	36.08207
303	2.51	27.49572	35.84954
304	2.515	27.31705	35.61851
305	2.52	27.13953	35.38898
306	2.525	26.96316	35.16092
307	2.53	26.78792	34.93433
308	2.535	26.61382	34.7092
309	2.54	26.44083	34.48552
310	2.545	26.26896	34.26328
311	2.55	26.0982	34.04248
312	2.555	25.92854	33.8231
313	2.56	25.75997	33.60513
314	2.565	25.59248	33.38856
315	2.57	25.42608	33.1734
316	2.575	25.26075	32.95962
317	2.58	25.09648	32.74721
318	2.585	24.93328	32.53618
319	2.59	24.77112	32.3265
320	2.595	24.61001	32.11818
321	2.6	24.44994	31.9112
322	2.605	24.2909	31.70555
323	2.61	24.13289	31.50123
324	2.615	23.97589	31.29822
325	2.62	23.8199	31.09653
326	2.625	23.66492	30.89613
327	2.63	23.51094	30.69702
328	2.635	23.35795	30.4992
329	2.64	23.20595	30.30265
330	2.645	23.05493	30.10737
331	2.65	22.90488	29.91335
332	2.655	22.75579	29.72058
333	2.66	22.60767	29.52905
334	2.665	22.4605	29.33875
335	2.67	22.31428	29.14968
336	2.675	22.16901	28.96183
337	2.68	22.02466	28.77519
338	2.685	21.88125	28.58975
339	2.69	21.73877	28.40551
340	2.695	21.5972	28.22246
341	2.7	21.45654	28.04058
342	2.705	21.31679	27.85988
343	2.71	21.17794	27.68034
344	2.715	21.03999	27.50196
345	2.72	20.90292	27.32472
346	2.725	20.76674	27.14863
347	2.73	20.63144	26.97368
348	2.735	20.49701	26.79985
349	2.74	20.36344	26.62714
350	2.745	20.23073	26.45555
351	2.75	20.09888	26.28506
352	2.755	19.96788	26.11567
353	2.76	19.83773	25.94737
354	2.765	19.70841	25.78016
355	2.77	19.57993	25.61402
356	2.775	19.45227	25.44895
357	2.78	19.32544	25.28495
358	2.785	19.19942	25.12201
359	2.79	19.07422	24.96011
360	2.795	18.94982	24.79926
361	2.8	18.82622	24.63944
362	2.805	18.70342	24.48066
363	2.81	18.58142	24.3229
364	2.815	18.4602	24.16615
365	2.82	18.33976	24.01042
366	2.825	18.22009	23.85568
367	2.83	18.1012	23.70195
368	2.835	17.98307	23.54921
369	2.84	17.86571	23.39745
370	2.845	17.7491	23.24666
371	2.85	17.63324	23.09685
372	2.855	17.51813	22.94801
373	2.86	17.40376	22.80013
374	2.865	17.29013	22.65319
375	2.87	17.17723	22.50721
376	2.875	17.06506	22.36216
377	2.88	16.95361	22.21805
378	2.885	16.84288	22.07487
379	2.89	16.73286	21.93261
380	2.895	16.62355	21.79127
381	2.9	16.51494	21.65084
382	2.905	16.40704	21.51132
383	2.91	16.29983	21.37269
384	2.915	16.19331	21.23496
385	2.92	16.08748	21.09811
386	2.925	15.98233	20.96215
387	2.93	15.87786	20.82706
388	2.935	15.77406	20.69284
389	2.94	15.67093	20.55949
390	2.945	15.56847	20.427
391	2.95	15.46666	20.29536
392	2.955	15.36551	20.16457
393	2.96	15.26502	20.03462
394	2.965	15.16517	19.90551
395	2.97	15.06596	19.77723
396	2.975	14.96739	19.64978
397	2.98	14.86946	19.52315
398	2.985	14.77216	19.39734
399	2.99	14.67549	19.27233
400	2.995	14.57944	19.14814
401	3	14.48401	19.02474
402	3.005	14.38919	18.90214
403	3.01	14.29499	18.78032
404	3.015	14.20139	18.6593
405	3.02	14.10839	18.53905
406	3.025	14.016	18.41958
407	3.03	13.9242	18.30087
408	3.035	13.83299	18.18294
409	3.04	13.74237	18.06576
410	3.045	13.65233	17.94934
411	3.05	13.56288	17.83367
412	3.055	13.474	17.71874
413	3.06	13.38569	17.60455
414	3.065	13.29795	17.4911
415	3.07	13.21078	17.37838
416	3.075	13.12417	17.26639
417	3.08	13.03811	17.15512
418	3.085	12.95262	17.04457
419	3.09	12.86767	16.93473
420	3.095	12.78327	16.82559
421	3.1	12.69941	16.71716
422	3.105	12.6161	16.60943
423	3.11	12.53332	16.50239
424	3.115	12.45107	16.39605
425	3.12	12.36936	16.29039
426	3.125	12.28817	16.1854
427	3.13	12.2075	16.0811
428	3.135	12.12736	15.97747
429	3.14	12.04773	15.8745
430	3.145	11.96861	15.7722
431	3.15	11.89001	15.67056
432	3.155	11.81191	15.56957
433	3.16	11.73431	15.46924
434	3.165	11.65721	15.36955
435	3.17	11.58062	15.2705
436	3.175	11.50451	15.17209
437	3.18	11.42889	15.07432
438	3.185	11.35377	14.97717
439	3.19	11.27912	14.88066
440	3.195	11.20496	14.78476
441	3.2	11.13128	14.68948
442	3.205	11.05807	14.59482
443	3.21	10.98533	14.50076
444	3.215	10.91306	14.40731
445	3.22	10.84125	14.31447
446	3.225	10.76991	14.22222
447	3.23	10.69903	14.13057
448	3.235	10.62861	14.03951
449	3.24	10.55864	13.94903
450	3.245	10.48912	13.85914
451	3.25	10.42005	13.76982
452	3.255	10.35142	13.68109
453	3.26	10.28323	13.59292
454	3.265	10.21549	13.50532
455	3.27	10.14818	13.41829
456	3.275	10.08131	13.33182
457	3.28	10.01486	13.2459
458	3.285	9.94885	13.16054
459	3.29	9.88326	13.07573
460	3.295	9.81809	12.99147
461	3.3	9.75334	12.90774
462	3.305	9.68901	12.82456
463	3.31	9.6251	12.74192
464	3.315	9.56159	12.6598
465	3.32	9.4985	12.57822
466	3.325	9.43581	12.49716
467	3.33	9.37353	12.41662
468	3.335	9.31165	12.33661
469	3.34	9.25016	12.25711
470	3.345	9.18907	12.17812
471	3.35	9.12838	12.09964
472	3.355	9.06808	12.02166
473	3.36	9.00816	11.94419
474	3.365	8.94864	11.86722
475	3.37	8.88949	11.79074
476	3.375	8.83073	11.71476
477	3.38	8.77234	11.63926
478	3.385	8.71434	11.56426
479	3.39	8.6567	11.48973
480	3.395	8.59944	11.41569
481	3.4	8.54254	11.34212
482	3.405	8.48602	11.26903
483	3.41	8.42985	11.19641
484	3.415	8.37405	11.12425
485	3.42	8.31861	11.05256
486	3.425	8.26353	10.98134
487	3.43	8.2088	10.91057
488	3.435	8.15442	10.84026
489	3.44	8.1004	10.7704
490	3.445	8.04672	10.70099
491	3.45	7.99339	10.63203
492	3.455	7.9404	10.56351
493	3.46	7.88775	10.49544
494	3.465	7.83544	10.4278
495	3.47	7.78347	10.3606
496	3.475	7.73184	10.29383
497	3.48	7.68053	10.2275
498	3.485	7.62956	10.16159
499	3.49	7.57892	10.0961
500	3.495	7.5286	10.03104
501	3.5	7.47861	9.9664
502	3.505	7.42894	9.90217
503	3.51	7.37959	9.83836
504	3.515	7.33055	9.77495
505	3.52	7.28184	9.71196
506	3.525	7.23343	9.64937
507	3.53	7.18534	9.58719
508	3.535	7.13756	9.52541
509	3.54	7.09009	9.46402
510	3.545	7.04292	9.40303
511	3.55	6.99606	9.34244
512	3.555	6.9495	9.28223
513	3.56	6.90324	9.22241
514	3.565	6.85727	9.16298
515	3.57	6.81161	9.10393
516	3.575	6.76623	9.04526
517	3.58	6.72115	8.98697
518	3.585	6.67636	8.92905
519	3.59	6.63186	8.87151
520	3.595	6.58765	8.81434
521	3.6	6.54372	8.75754
522	3.605	6.50007	8.7011
523	3.61	6.45671	8.64503
524	3.615	6.41362	8.58932
525	3.62	6.37082	8.53396
526	3.625	6.32828	8.47897
527	3.63	6.28603	8.42433
528	3.635	6.24404	8.37004
529	3.64	6.20233	8.3161
530	3.645	6.16088	8.26251
531	3.65	6.1197	8.20926
532	3.655	6.07879	8.15636
533	3.66	6.03814	8.10379
534	3.665	5.99775	8.05157
535	3.67	5.95762	7.99968
536	3.675	5.91775	7.94813
537	3.68	5.87814	7.89691
538	3.685	5.83878	7.84602
539	3.69	5.79968	7.79546
540	3.695	5.76083	7.74522
541	3.7	5.72223	7.69531
542	3.705	5.68388	7.64572
543	3.71	5.64577	7.59644
544	3.715	5.60791	7.54749
545	3.72	5.5703	7.49885
546	3.725	5.53292	7.45053
547	3.73	5.49579	7.40251
548	3.735	5.4589	7.35481
549	3.74	5.42224	7.30741
550	3.745	5.38582	7.26032
551	3.75	5.34964	7.21353
552	3.755	5.31369	7.16704
553	3.76	5.27797	7.12086
554	3.765	5.24248	7.07497
555	3.77	5.20722	7.02937
556	3.775	5.17219	6.98407
557	3.78	5.13738	6.93907
558	3.785	5.1028	6.89435
559	3.79	5.06843	6.84992
560	3.795	5.0343	6.80578
561	3.8	5.00038	6.76192
562	3.805	4.96668	6.71834
563	3.81	4.93319	6.67505
564	3.815	4.89993	6.63203
565	3.82	4.86687	6.58929
566	3.825	4.83403	6.54683
567	3.83	4.80141	6.50464
568	3.835	4.76899	6.46272
569	3.84	4.73678	6.42107
570	3.845	4.70478	6.37969
571	3.85	4.67298	6.33858
572	3.855	4.64139	6.29773
573	3.86	4.61	6.25714
574	3.865	4.57882	6.21682
575	3.87	4.54784	6.17676
576	3.875	4.51705	6.13695
577	3.88	4.48647	6.0974
578	3.885	4.45608	6.05811
579	3.89	4.42589	6.01907
580	3.895	4.39589	5.98028
581	3.9	4.36608	5.94174
582	3.905	4.33647	5.90345
583	3.91	4.30705	5.86541
584	3.915	4.27782	5.82761
585	3.92	4.24877	5.79005
586	3.925	4.21991	5.75274
587	3.93	4.19124	5.71567
588	3.935	4.16276	5.67883
589	3.94	4.13446	5.64224
590	3.945	4.10634	5.60588
591	3.95	4.0784	5.56975
592	3.955	4.05064	5.53386
593	3.96	4.02306	5.49819
594	3.965	3.99566	5.46276
595	3.97	3.96843	5.42756
596	3.975	3.94138	5.39258
597	3.98	3.91451	5.35783
598	3.985	3.8878	5.3233
599	3.99	3.86127	5.289
600	3.995	3.83491	5.25491
601	4	3.80872	5.22105
602	4.005	3.7827	5.1874
603	4.01	3.75685	5.15397
604	4.015	3.73116	5.12076
605	4.02	3.70564	5.08776
606	4.025	3.68028	5.05497
607	4.03	3.65509	5.02239
608	4.035	3.63006	4.99003
609	4.04	3.60519	4.95787
610	4.045	3.58048	4.92592
611	4.05	3.55593	4.89418
612	4.055	3.53154	4.86264
613	4.06	3.50731	4.8313
614	4.065	3.48323	4.80016
615	4.07	3.4593	4.76923
616	4.075	3.43554	4.7385
617	4.08	3.41192	4.70796
618	4.085	3.38846	4.67762
619	4.09	3.36514	4.64748
620	4.095	3.34198	4.61753
621	4.1	3.31897	4.58777
622	4.105	3.2961	4.5582
623	4.11	3.27339	4.52883
624	4.115	3.25081	4.49964
625	4.12	3.22839	4.47065
626	4.125	3.20611	4.44184
627	4.13	3.18397	4.41321
628	4.135	3.16198	4.38477
629	4.14	3.14012	4.35651
630	4.145	3.11841	4.32844
631	4.15	3.09684	4.30054
632	4.155	3.07541	4.27283
633	4.16	3.05411	4.24529
634	4.165	3.03295	4.21794
635	4.17	3.01193	4.19075
636	4.175	2.99105	4.16375
637	4.18	2.97029	4.13692
638	4.185	2.94968	4.11026
639	4.19	2.92919	4.08377
640	4.195	2.90884	4.05745
641	4.2	2.88862	4.0313
642	4.205	2.86853	4.00532
643	4.21	2.84856	3.97951
644	4.215	2.82873	3.95387
645	4.22	2.80902	3.92839
646	4.225	2.78945	3.90307
647	4.23	2.76999	3.87792
648	4.235	2.75067	3.85293
649	4.24	2.73146	3.8281
650	4.245	2.71239	3.80343
651	4.25	2.69343	3.77889
652	4.255	2.6746	3.75437
653	4.26	2.65589	3.72966
654	4.265	2.6373	3.70465
655	4.27	2.61884	3.67928
656	4.275	2.60051	3.65356
657	4.28	2.5823	3.62752
658	4.285	2.56423	3.60125
659	4.29	2.54629	3.57485
660	4.295	2.52848	3.54842
661	4.3	2.51081	3.5221
662	4.305	2.49326	3.49601
663	4.31	2.47585	3.47026
664	4.315	2.45856	3.44496
665	4.32	2.4414	3.42023
666	4.325	2.42436	3.39616
667	4.33	2.40744	3.37282
668	4.335	2.39063	3.35028
669	4.34	2.37393	3.3286
670	4.345	2.35734	3.3078
671	4.35	2.34086	3.28792
672	4.355	2.32446	3.26896
673	4.36	2.30817	3.25092
674	4.365	2.29196	3.23378
675	4.37	2.27583	3.21751
676	4.375	2.25978	3.20208
677	4.38	2.24381	3.18743
678	4.385	2.22791	3.17352
679	4.39	2.21207	3.16029
680	4.395	2.1963	3.14765
681	4.4	2.1806	3.13556
682	4.405	2.16495	3.12392
683	4.41	2.14936	3.11267
684	4.415	2.13382	3.10172
685	4.42	2.11834	3.09101
686	4.425	2.10291	3.08044
687	4.43	2.08754	3.06996
688	4.435	2.07221	3.05948
689	4.44	2.05694	3.04894
690	4.445	2.04172	3.03827
691	4.45	2.02656	3.0274
692	4.455	2.01145	3.01628
693	4.46	1.99639	3.00486
694	4.465	1.9814	2.99309
695	4.47	1.96646	2.98092
696	4.475	1.95159	2.96832
697	4.48	1.93678	2.95525
698	4.485	1.92204	2.94168
699	4.49	1.90736	2.9276
700	4.495	1.89276	2.91298
701	4.5	1.87823	2.89782
702	4.505	1.86378	2.8821
703	4.51	1.84941	2.86582
704	4.515	1.83513	2.84899
705	4.52	1.82092	2.83161
706	4.525	1.80681	2.81368
707	4.53	1.79279	2.79522
708	4.535	1.77886	2.77625
709	4.54	1.76502	2.75679
710	4.545	1.75129	2.73685
711	4.55	1.73766	2.71646
712	4.555	1.72412	2.69564
713	4.56	1.7107	2.67443
714	4.565	1.69738	2.65284
715	4.57	1.68417	2.63092
716	4.575	1.67107	2.60868
717	4.58	1.65808	2.58616
718	4.585	1.64521	2.5634
719	4.59	1.63245	2.54041
720	4.595	1.61981	2.51723
721	4.6	1.60728	2.4939
722	4.605	1.59487	2.47041
723	4.61	1.58257	2.44678
724	4.615	1.5704	2.42299
725	4.62	1.55834	2.39905
726	4.625	1.54641	2.37496
727	4.63	1.53459	2.35071
728	4.635	1.5229	2.32632
729	4.64	1.51133	2.30178
730	4.645	1.49988	2.27709
731	4.65	1.48856	2.25228
732	4.655	1.47736	2.22734
733	4.66	1.46629	2.2023
734	4.665	1.45534	2.17715
735	4.67	1.44451	2.15193
736	4.675	1.43382	2.12665
737	4.68	1.42325	2.10133
738	4.685	1.41281	2.076
739	4.69	1.40249	2.05068
740	4.695	1.3923	2.02541
741	4.7	1.38223	2.00023
742	4.705	1.3723	1.97515
743	4.71	1.36248	1.95023
744	4.715	1.35279	1.92551
745	4.72	1.34323	1.90103
746	4.725	1.33378	1.87684
747	4.73	1.32446	1.85298
748	4.735	1.31525	1.8295
749	4.74	1.30616	1.80646
750	4.745	1.29719	1.7839
751	4.75	1.28833	1.76188
752	4.755	1.27957	1.74046
753	4.76	1.27092	1.71968
754	4.765	1.26237	1.6996
755	4.77	1.25392	1.68026
756	4.775	1.24557	1.66172
757	4.78	1.23731	1.64402
758	4.785	1.22913	1.62721
759	4.79	1.22104	1.61131
760	4.795	1.21302	1.59638
761	4.8	1.20507	1.58242
762	4.805	1.19719	1.56948
763	4.81	1.18938	1.55755
764	4.815	1.18162	1.54666
765	4.82	1.17391	1.53679
766	4.825	1.16625	1.52795
767	4.83	1.15863	1.52011
768	4.835	1.15105	1.51325
769	4.84	1.1435	1.50732
770	4.845	1.13598	1.50227
771	4.85	1.12848	1.49806
772	4.855	1.12099	1.4946
773	4.86	1.11353	1.49182
774	4.865	1.10608	1.48963
775	4.87	1.09863	1.48793
776	4.875	1.0912	1.4866
777	4.88	1.08377	1.48554
778	4.885	1.07634	1.48463
779	4.89	1.06892	1.48374
780	4.895	1.0615	1.48274
781	4.9	1.05409	1.48153
782	4.905	1.04669	1.47998
783	4.91	1.03929	1.47799
784	4.915	1.03191	1.47547
785	4.92	1.02454	1.47236
786	4.925	1.01719	1.46861
787	4.93	1.00985	1.46423
788	4.935	1.00254	1.45924
789	4.94	0.99526	1.45376
790	4.945	0.98801	1.44792
791	4.95	0.98078	1.44194
792	4.955	0.97359	1.43594
793	4.96	0.96642	1.42996
794	4.965	0.95929	1.42399
795	4.97	0.95218	1.41803
796	4.975	0.94511	1.41209
797	4.98	0.93806	1.40616
798	4.985	0.93105	1.40024
799	4.99	0.92406	1.39433
800	4.995	0.9171	1.38844
801	5	0.91017	1.38255
802	5.005	0.90328	1.37668
803	5.01	0.89641	1.37083
804	5.015	0.88957	1.36498
805	5.02	0.88276	1.35915
806	5.025	0.87598	1.35333
807	5.03	0.86922	1.34752
808	5.035	0.8625	1.34173
809	5.04	0.85581	1.33594
810	5.045	0.84914	1.33017
811	5.05	0.84251	1.32441
812	5.055	0.8359	1.31867
813	5.06	0.82932	1.31293
814	5.065	0.82277	1.30721
815	5.07	0.81625	1.3015
816	5.075	0.80975	1.2958
817	5.08	0.80329	1.29012
818	5.085	0.79685	1.28444
819	5.09	0.79044	1.27878
820	5.095	0.78406	1.27313
821	5.1	0.77771	1.26749
822	5.105	0.77139	1.26187
823	5.11	0.76509	1.25625
824	5.115	0.75883	1.25065
825	5.12	0.75259	1.24506
826	5.125	0.74638	1.23948
827	5.13	0.74019	1.23392
828	5.135	0.73404	1.22836
829	5.14	0.72791	1.22282
830	5.145	0.72181	1.21729
831	5.15	0.71574	1.21177
832	5.155	0.70969	1.20627
833	5.16	0.70367	1.20077
834	5.165	0.69768	1.19529
835	5.17	0.69172	1.18982
836	5.175	0.68579	1.18436
837	5.18	0.67988	1.17891
838	5.185	0.674	1.17347
839	5.19	0.66814	1.16805
840	5.195	0.66232	1.16264
841	5.2	0.65652	1.15724
842	5.205	0.65074	1.15185
843	5.21	0.645	1.14647
844	5.215	0.63928	1.14111
845	5.22	0.63359	1.13601
846	5.225	0.62792	1.13069
847	5.23	0.62228	1.12514
848	5.235	0.61667	1.11982
849	5.24	0.61108	1.11452
850	5.245	0.60552	1.10922
851	5.25	0.59999	1.10394
852	5.255	0.59448	1.09868
853	5.26	0.589	1.09342
854	5.265	0.58355	1.08818
855	5.27	0.57812	1.08294
856	5.275	0.57272	1.07772
857	5.28	0.56734	1.07252
858	5.285	0.56199	1.06732
859	5.29	0.55667	1.06214
860	5.295	0.55137	1.05697
861	5.3	0.5461	1.05181
862	5.305	0.54085	1.04666
863	5.31	0.53563	1.04153
864	5.315	0.53044	1.03641
865	5.32	0.52527	1.0313
866	5.325	0.52013	1.0262
867	5.33	0.51501	1.02112
868	5.335	0.50991	1.01604
869	5.34	0.50485	1.01099
870	5.345	0.49981	1.00594
871	5.35	0.49479	1.00091
872	5.355	0.4898	0.99589
873	5.36	0.48483	0.99088
874	5.365	0.47989	0.98588
875	5.37	0.47497	0.9809
876	5.375	0.47008	0.97593
877	5.38	0.46521	0.97098
878	5.385	0.46037	0.96604
879	5.39	0.45555	0.96111
880	5.395	0.45076	0.95619
881	5.4	0.44599	0.95129
882	5.405	0.44124	0.9464
883	5.41	0.43652	0.94153
884	5.415	0.43183	0.93667
885	5.42	0.42716	0.93182
886	5.425	0.42251	0.92699
887	5.43	0.41789	0.92217
888	5.435	0.41329	0.91736
889	5.44	0.40871	0.91257
890	5.445	0.40416	0.9078
891	5.45	0.39964	0.90304
892	5.455	0.39513	0.89829
893	5.46	0.39065	0.89356
894	5.465	0.3862	0.88884
895	5.47	0.38177	0.88414
896	5.475	0.37736	0.87946
897	5.48	0.37297	0.87479
898	5.485	0.36861	0.87013
899	5.49	0.36427	0.8655
900	5.495	0.35995	0.86088
901	5.5	0.35566	0.85627
902	5.505	0.35139	0.85168
903	5.51	0.34714	0.84711
904	5.515	0.34292	0.84256
905	5.52	0.33872	0.83802
906	5.525	0.33454	0.8335
907	5.53	0.33038	0.829
908	5.535	0.32625	0.82451
909	5.54	0.32214	0.82005
910	5.545	0.31805	0.8156
911	5.55	0.31398	0.81117
912	5.555	0.30994	0.80676
913	5.56	0.30591	0.80237
914	5.565	0.30191	0.798
915	5.57	0.29793	0.79365
916	5.575	0.29398	0.78931
917	5.58	0.29004	0.785
918	5.585	0.28613	0.7807
919	5.59	0.28223	0.77642
920	5.595	0.27836	0.77216
921	5.6	0.27451	0.76792
922	5.605	0.27068	0.76369
923	5.61	0.26688	0.75948
924	5.615	0.26309	0.75529
925	5.62	0.25932	0.75111
926	5.625	0.25558	0.74694
927	5.63	0.25185	0.74279
928	5.635	0.24815	0.73864
929	5.64	0.24447	0.73445
930	5.645	0.24081	0.73019
931	5.65	0.23717	0.72589
932	5.655	0.23355	0.72158
933	5.66	0.22995	0.71726
934	5.665	0.22637	0.71295
935	5.67	0.22282	0.70863
936	5.675	0.21929	0.70431
937	5.68	0.21578	0.69998
938	5.685	0.21229	0.69566
939	5.69	0.20882	0.69133
940	5.695	0.20537	0.687
941	5.7	0.20195	0.68266
942	5.705	0.19855	0.67833
943	5.71	0.19517	0.67399
944	5.715	0.19181	0.66964
945	5.72	0.18847	0.66529
946	5.725	0.18515	0.66094
947	5.73	0.18186	0.65659
948	5.735	0.17859	0.65223
949	5.74	0.17534	0.64787
950	5.745	0.17211	0.64351
951	5.75	0.1689	0.63914
952	5.755	0.16572	0.63477
953	5.76	0.16256	0.63039
954	5.765	0.15941	0.62601
955	5.77	0.1563	0.62163
956	5.775	0.1532	0.61725
957	5.78	0.15012	0.61286
958	5.785	0.14707	0.60847
959	5.79	0.14404	0.60407
960	5.795	0.14103	0.59967
961	5.8	0.13804	0.59526
962	5.805	0.13508	0.59085
963	5.81	0.13213	0.58644
964	5.815	0.12921	0.58202
965	5.82	0.12631	0.57759
966	5.825	0.12344	0.57316
967	5.83	0.12058	0.56873
968	5.835	0.11775	0.56429
969	5.84	0.11494	0.55985
970	5.845	0.11215	0.5554
971	5.85	0.10938	0.55094
972	5.855	0.10664	0.54648
973	5.86	0.10392	0.54202
974	5.865	0.10122	0.53756
975	5.87	0.09854	0.53309
976	5.875	0.09589	0.52862
977	5.88	0.09326	0.52414
978	5.885	0.09065	0.51967
979	5.89	0.08806	0.51519
980	5.895	0.0855	0.51071
981	5.9	0.08295	0.50623
982	5.905	0.08043	0.50176
983	5.91	0.07794	0.49728
984	5.915	0.07546	0.4928
985	5.92	0.07301	0.48833
986	5.925	0.07058	0.48386
987	5.93	0.06817	0.47939
988	5.935	0.06578	0.47493
989	5.94	0.06342	0.47046
990	5.945	0.06108	0.46601
991	5.95	0.05876	0.46155
992	5.955	0.05646	0.45711
993	5.96	0.05419	0.45266
994	5.965	0.05194	0.44823
995	5.97	0.04971	0.4438
996	5.975	0.0475	0.43937
997	5.98	0.04531	0.43496
998	5.985	0.04315	0.43055
999	5.99	0.04101	0.42615
1000	5.995	0.03889	0.42176
1001	6	0.03679	0.41737
1002	6.005	0.03471	0.413
1003	6.01	0.03266	0.40864
1004	6.015	0.03063	0.40428
1005	6.02	0.02862	0.39994
1006	6.025	0.02663	0.39561
1007	6.03	0.02466	0.39129
1008	6.035	0.02272	0.38698
1009	6.04	0.02079	0.38269
1010	6.045	0.01889	0.37841
1011	6.05	0.01701	0.37414
1012	6.055	0.01515	0.36989
1013	6.06	0.01331	0.36565
1014	6.065	0.01149	0.36143
1015	6.07	0.00969	0.35722
1016	6.075	0.00792	0.35302
1017	6.08	0.00616	0.34885
1018	6.085	0.00443	0.34468
1019	6.09	0.00272	0.34054
1020	6.095	0.00103	0.33641
1021	6.1	-6.46328E-4	0.3323
1022	6.105	-0.0023	0.32821
1023	6.11	-0.00393	0.32414
1024	6.115	-0.00554	0.32008
1025	6.12	-0.00713	0.31604
1026	6.125	-0.0087	0.31202
1027	6.13	-0.01025	0.30803
1028	6.135	-0.01178	0.30405
1029	6.14	-0.01329	0.30009
1030	6.145	-0.01478	0.29615
1031	6.15	-0.01625	0.29223
1032	6.155	-0.0177	0.28832
1033	6.16	-0.01913	0.28444
1034	6.165	-0.02055	0.28058
1035	6.17	-0.02194	0.27674
1036	6.175	-0.02331	0.27292
1037	6.18	-0.02467	0.26912
1038	6.185	-0.02601	0.26534
1039	6.19	-0.02732	0.26158
1040	6.195	-0.02862	0.25784
1041	6.2	-0.0299	0.25412
1042	6.205	-0.03116	0.25042
1043	6.21	-0.03241	0.24674
1044	6.215	-0.03363	0.24308
1045	6.22	-0.03484	0.23944
1046	6.225	-0.03602	0.23582
1047	6.23	-0.03719	0.23223
1048	6.235	-0.03835	0.22865
1049	6.24	-0.03948	0.2251
1050	6.245	-0.0406	0.22157
1051	6.25	-0.0417	0.21807
1052	6.255	-0.04278	0.21458
1053	6.26	-0.04384	0.21112
1054	6.265	-0.04489	0.20768
1055	6.27	-0.04592	0.20427
1056	6.275	-0.04693	0.20088
1057	6.28	-0.04793	0.19752
1058	6.285	-0.04891	0.19418
1059	6.29	-0.04987	0.19087
1060	6.295	-0.05082	0.18759
1061	6.3	-0.05175	0.18433
1062	6.305	-0.05266	0.1811
1063	6.31	-0.05356	0.1779
1064	6.315	-0.05444	0.17473
1065	6.32	-0.0553	0.17159
1066	6.325	-0.05615	0.16848
1067	6.33	-0.05699	0.1654
1068	6.335	-0.05781	0.16235
1069	6.34	-0.05861	0.15933
1070	6.345	-0.0594	0.15634
1071	6.35	-0.06018	0.15339
1072	6.355	-0.06094	0.15047
1073	6.36	-0.06168	0.14759
1074	6.365	-0.06241	0.14474
1075	6.37	-0.06313	0.14192
1076	6.375	-0.06383	0.13914
1077	6.38	-0.06452	0.13639
1078	6.385	-0.06519	0.13368
1079	6.39	-0.06586	0.13101
1080	6.395	-0.0665	0.12837
1081	6.4	-0.06714	0.12576
1082	6.405	-0.06776	0.1232
1083	6.41	-0.06837	0.12067
1084	6.415	-0.06897	0.11817
1085	6.42	-0.06955	0.11572
1086	6.425	-0.07013	0.1133
1087	6.43	-0.07069	0.11093
1088	6.435	-0.07124	0.10859
1089	6.44	-0.07177	0.10629
1090	6.445	-0.0723	0.10403
1091	6.45	-0.07281	0.10182
1092	6.455	-0.07332	0.09964
1093	6.46	-0.07381	0.09751
1094	6.465	-0.07429	0.09542
1095	6.47	-0.07476	0.09337
1096	6.475	-0.07523	0.09136
1097	6.48	-0.07568	0.0894
1098	6.485	-0.07612	0.08748
1099	6.49	-0.07655	0.08561
1100	6.495	-0.07698	0.08378
1101	6.5	-0.07739	0.08199
1102	6.505	-0.0778	0.08025
1103	6.51	-0.07819	0.07855
1104	6.515	-0.07858	0.0769
1105	6.52	-0.07896	0.0753
1106	6.525	-0.07933	0.07373
1107	6.53	-0.0797	0.07222
1108	6.535	-0.08006	0.07075
1109	6.54	-0.08041	0.06932
1110	6.545	-0.08075	0.06794
1111	6.55	-0.08109	0.06661
1112	6.555	-0.08142	0.06532
1113	6.56	-0.08174	0.06408
1114	6.565	-0.08206	0.06288
1115	6.57	-0.08237	0.06172
1116	6.575	-0.08267	0.06061
1117	6.58	-0.08297	0.05953
1118	6.585	-0.08327	0.0585
1119	6.59	-0.08356	0.05752
1120	6.595	-0.08384	0.05657
1121	6.6	-0.08412	0.05566
1122	6.605	-0.0844	0.05479
1123	6.61	-0.08467	0.05397
1124	6.615	-0.08494	0.05318
1125	6.62	-0.0852	0.05242
1126	6.625	-0.08546	0.05171
1127	6.63	-0.08572	0.05103
1128	6.635	-0.08597	0.0504
1129	6.64	-0.08623	0.04979
1130	6.645	-0.08647	0.04923
1131	6.65	-0.08672	0.0487
1132	6.655	-0.08696	0.04821
1133	6.66	-0.0872	0.04775
1134	6.665	-0.08744	0.04733
1135	6.67	-0.08767	0.04695
1136	6.675	-0.08791	0.0466
1137	6.68	-0.08814	0.04628
1138	6.685	-0.08837	0.046
1139	6.69	-0.0886	0.04576
1140	6.695	-0.08883	0.04555
1141	6.7	-0.08905	0.04537
1142	6.705	-0.08928	0.04522
1143	6.71	-0.08951	0.04511
1144	6.715	-0.08973	0.04503
1145	6.72	-0.08996	0.04498
1146	6.725	-0.09018	0.04496
1147	6.73	-0.09041	0.04497
1148	6.735	-0.09063	0.04501
1149	6.74	-0.09086	0.04508
1150	6.745	-0.09108	0.04518
1151	6.75	-0.09131	0.0453
1152	6.755	-0.09154	0.04545
1153	6.76	-0.09176	0.04563
1154	6.765	-0.09199	0.04584
1155	6.77	-0.09222	0.04607
1156	6.775	-0.09245	0.04632
1157	6.78	-0.09268	0.0466
1158	6.785	-0.09292	0.04691
1159	6.79	-0.09315	0.04724
1160	6.795	-0.09339	0.0476
1161	6.8	-0.09363	0.04797
1162	6.805	-0.09387	0.04838
1163	6.81	-0.09411	0.0488
1164	6.815	-0.09436	0.04925
1165	6.82	-0.09461	0.04971
1166	6.825	-0.09486	0.0502
1167	6.83	-0.09511	0.05071
1168	6.835	-0.09536	0.05124
1169	6.84	-0.09562	0.05179
1170	6.845	-0.09588	0.05236
1171	6.85	-0.09614	0.05294
1172	6.855	-0.09641	0.05354
1173	6.86	-0.09668	0.05416
1174	6.865	-0.09695	0.05479
1175	6.87	-0.09723	0.05543
1176	6.875	-0.09751	0.05609
1177	6.88	-0.09779	0.05677
1178	6.885	-0.09807	0.05745
1179	6.89	-0.09836	0.05814
1180	6.895	-0.09866	0.05885
1181	6.9	-0.09895	0.05956
1182	6.905	-0.09925	0.06029
1183	6.91	-0.09955	0.06102
1184	6.915	-0.09986	0.06176
1185	6.92	-0.10017	0.06251
1186	6.925	-0.10049	0.06326
1187	6.93	-0.1008	0.06401
1188	6.935	-0.10113	0.06478
1189	6.94	-0.10145	0.06554
1190	6.945	-0.10178	0.06631
1191	6.95	-0.10212	0.06708
1192	6.955	-0.10245	0.06786
1193	6.96	-0.10279	0.06864
1194	6.965	-0.10314	0.06942
1195	6.97	-0.10349	0.0702
1196	6.975	-0.10384	0.07098
1197	6.98	-0.1042	0.07177
1198	6.985	-0.10456	0.07255
1199	6.99	-0.10492	0.07334
1200	6.995	-0.10529	0.07413
1201	7	-0.10566	0.07491
1202	7.005	-0.10604	0.0757
1203	7.01	-0.10642	0.07649
1204	7.015	-0.10681	0.07728
1205	7.02	-0.10719	0.07806
1206	7.025	-0.10759	0.07885
1207	7.03	-0.10798	0.07964
1208	7.035	-0.10838	0.08042
1209	7.04	-0.10879	0.08121
1210	7.045	-0.1092	0.08199
1211	7.05	-0.10961	0.08277
1212	7.055	-0.11002	0.08356
1213	7.06	-0.11044	0.08434
1214	7.065	-0.11087	0.08512
1215	7.07	-0.11129	0.08591
1216	7.075	-0.11173	0.08669
1217	7.08	-0.11216	0.08748
1218	7.085	-0.1126	0.08826
1219	7.09	-0.11304	0.08905
1220	7.095	-0.11349	0.08983
1221	7.1	-0.11394	0.09062
1222	7.105	-0.1144	0.09141
1223	7.11	-0.11486	0.0922
1224	7.115	-0.11532	0.09299
1225	7.12	-0.11579	0.09379
1226	7.125	-0.11626	0.09458
1227	7.13	-0.11673	0.09538
1228	7.135	-0.11721	0.09618
1229	7.14	-0.11769	0.09698
1230	7.145	-0.11818	0.09778
1231	7.15	-0.11867	0.09858
1232	7.155	-0.11917	0.09938
1233	7.16	-0.11966	0.10018
1234	7.165	-0.12017	0.10098
1235	7.17	-0.12067	0.10177
1236	7.175	-0.12119	0.10257
1237	7.18	-0.1217	0.10337
1238	7.185	-0.12222	0.10417
1239	7.19	-0.12274	0.10496
1240	7.195	-0.12327	0.10576
1241	7.2	-0.1238	0.10655
1242	7.205	-0.12433	0.10734
1243	7.21	-0.12487	0.10813
1244	7.215	-0.12542	0.10891
1245	7.22	-0.12596	0.1097
1246	7.225	-0.12651	0.11048
1247	7.23	-0.12707	0.11125
1248	7.235	-0.12763	0.11202
1249	7.24	-0.12819	0.11279
1250	7.245	-0.12875	0.11355
1251	7.25	-0.12932	0.11431
1252	7.255	-0.1299	0.11506
1253	7.26	-0.13047	0.1158
1254	7.265	-0.13105	0.11654
1255	7.27	-0.13164	0.11726
1256	7.275	-0.13223	0.11798
1257	7.28	-0.13282	0.11869
1258	7.285	-0.13341	0.11939
1259	7.29	-0.13401	0.12008
1260	7.295	-0.13461	0.12075
1261	7.3	-0.13522	0.12142
1262	7.305	-0.13583	0.12207
1263	7.31	-0.13644	0.12271
1264	7.315	-0.13706	0.12334
1265	7.32	-0.13767	0.12396
1266	7.325	-0.1383	0.12456
1267	7.33	-0.13892	0.12515
1268	7.335	-0.13955	0.12572
1269	7.34	-0.14018	0.12629
1270	7.345	-0.14081	0.12684
1271	7.35	-0.14145	0.12737
1272	7.355	-0.14208	0.12789
1273	7.36	-0.14272	0.1284
1274	7.365	-0.14337	0.12889
1275	7.37	-0.14401	0.12937
1276	7.375	-0.14466	0.12984
1277	7.38	-0.14531	0.13029
1278	7.385	-0.14596	0.13073
1279	7.39	-0.14662	0.13115
1280	7.395	-0.14728	0.13155
1281	7.4	-0.14793	0.13195
1282	7.405	-0.14859	0.13232
1283	7.41	-0.14926	0.13268
1284	7.415	-0.14992	0.13303
1285	7.42	-0.15059	0.13336
1286	7.425	-0.15126	0.13368
1287	7.43	-0.15192	0.13398
1288	7.435	-0.1526	0.13426
1289	7.44	-0.15327	0.13453
1290	7.445	-0.15394	0.13479
1291	7.45	-0.15462	0.13503
1292	7.455	-0.15529	0.13525
1293	7.46	-0.15597	0.13546
1294	7.465	-0.15665	0.13566
1295	7.47	-0.15732	0.13583
1296	7.475	-0.158	0.136
1297	7.48	-0.15868	0.13615
1298	7.485	-0.15937	0.13628
1299	7.49	-0.16005	0.1364
1300	7.495	-0.16073	0.13651
1301	7.5	-0.16141	0.1366
1302	7.505	-0.1621	0.13668
1303	7.51	-0.16278	0.13674
1304	7.515	-0.16346	0.13678
1305	7.52	-0.16415	0.13682
1306	7.525	-0.16483	0.13683
1307	7.53	-0.16552	0.13683
1308	7.535	-0.1662	0.13682
1309	7.54	-0.16688	0.13679
1310	7.545	-0.16757	0.13675
1311	7.55	-0.16825	0.13669
1312	7.555	-0.16893	0.13661
1313	7.56	-0.16962	0.13652
1314	7.565	-0.1703	0.13641
1315	7.57	-0.17098	0.13629
1316	7.575	-0.17166	0.13615
1317	7.58	-0.17234	0.13599
1318	7.585	-0.17302	0.13582
1319	7.59	-0.1737	0.13563
1320	7.595	-0.17438	0.13543
1321	7.6	-0.17505	0.13521
1322	7.605	-0.17573	0.13497
1323	7.61	-0.1764	0.13472
1324	7.615	-0.17708	0.13446
1325	7.62	-0.17775	0.13418
1326	7.625	-0.17842	0.13388
1327	7.63	-0.17909	0.13357
1328	7.635	-0.17976	0.13325
1329	7.64	-0.18042	0.13291
1330	7.645	-0.18108	0.13256
1331	7.65	-0.18175	0.1322
1332	7.655	-0.18241	0.13182
1333	7.66	-0.18306	0.13143
1334	7.665	-0.18372	0.13102
1335	7.67	-0.18437	0.1306
1336	7.675	-0.18503	0.13017
1337	7.68	-0.18568	0.12973
1338	7.685	-0.18632	0.12928
1339	7.69	-0.18697	0.12881
1340	7.695	-0.18761	0.12833
1341	7.7	-0.18825	0.12784
1342	7.705	-0.18889	0.12734
1343	7.71	-0.18953	0.12683
1344	7.715	-0.19016	0.1263
1345	7.72	-0.19079	0.12577
1346	7.725	-0.19142	0.12522
1347	7.73	-0.19204	0.12466
1348	7.735	-0.19266	0.12409
1349	7.74	-0.19328	0.12351
1350	7.745	-0.1939	0.12292
1351	7.75	-0.19451	0.12232
1352	7.755	-0.19512	0.12171
1353	7.76	-0.19573	0.12108
1354	7.765	-0.19633	0.12045
1355	7.77	-0.19693	0.11981
1356	7.775	-0.19753	0.11916
1357	7.78	-0.19812	0.1185
1358	7.785	-0.19872	0.11783
1359	7.79	-0.1993	0.11715
1360	7.795	-0.19989	0.11646
1361	7.8	-0.20047	0.11577
1362	7.805	-0.20104	0.11506
1363	7.81	-0.20162	0.11435
1364	7.815	-0.20219	0.11363
1365	7.82	-0.20275	0.1129
1366	7.825	-0.20332	0.11217
1367	7.83	-0.20388	0.11142
1368	7.835	-0.20443	0.11067
1369	7.84	-0.20498	0.10991
1370	7.845	-0.20553	0.10915
1371	7.85	-0.20607	0.10837
1372	7.855	-0.20661	0.10759
1373	7.86	-0.20715	0.1068
1374	7.865	-0.20768	0.10601
1375	7.87	-0.20821	0.1052
1376	7.875	-0.20873	0.10439
1377	7.88	-0.20925	0.10358
1378	7.885	-0.20977	0.10275
1379	7.89	-0.21028	0.10192
1380	7.895	-0.21079	0.10109
1381	7.9	-0.21129	0.10025
1382	7.905	-0.21179	0.0994
1383	7.91	-0.21229	0.09854
1384	7.915	-0.21278	0.09768
1385	7.92	-0.21326	0.09682
1386	7.925	-0.21374	0.09595
1387	7.93	-0.21422	0.09507
1388	7.935	-0.2147	0.09419
1389	7.94	-0.21516	0.0933
1390	7.945	-0.21563	0.09241
1391	7.95	-0.21609	0.09151
1392	7.955	-0.21654	0.09061
1393	7.96	-0.21699	0.08971
1394	7.965	-0.21744	0.0888
1395	7.97	-0.21788	0.08788
1396	7.975	-0.21832	0.08696
1397	7.98	-0.21875	0.08603
1398	7.985	-0.21918	0.0851
1399	7.99	-0.2196	0.08416
1400	7.995	-0.22002	0.08321
1401	8	-0.22044	0.08226
1402	8.005	-0.22084	0.08131
1403	8.01	-0.22125	0.08034
1404	8.015	-0.22165	0.07937
1405	8.02	-0.22204	0.07839
1406	8.025	-0.22243	0.07741
1407	8.03	-0.22282	0.07642
1408	8.035	-0.2232	0.07542
1409	8.04	-0.22357	0.07442
1410	8.045	-0.22394	0.07341
1411	8.05	-0.2243	0.07239
1412	8.055	-0.22466	0.07137
1413	8.06	-0.22502	0.07034
1414	8.065	-0.22537	0.06931
1415	8.07	-0.22571	0.06827
1416	8.075	-0.22605	0.06722
1417	8.08	-0.22638	0.06617
1418	8.085	-0.22671	0.06511
1419	8.09	-0.22703	0.06405
1420	8.095	-0.22735	0.06299
1421	8.1	-0.22766	0.06191
1422	8.105	-0.22797	0.06084
1423	8.11	-0.22827	0.05976
1424	8.115	-0.22857	0.05867
1425	8.12	-0.22886	0.05758
1426	8.125	-0.22914	0.05648
1427	8.13	-0.22942	0.05538
1428	8.135	-0.2297	0.05428
1429	8.14	-0.22997	0.05317
1430	8.145	-0.23023	0.05205
1431	8.15	-0.23049	0.05093
1432	8.155	-0.23074	0.04981
1433	8.16	-0.23099	0.04868
1434	8.165	-0.23123	0.04756
1435	8.17	-0.23146	0.04642
1436	8.175	-0.23169	0.04529
1437	8.18	-0.23191	0.04415
1438	8.185	-0.23213	0.04302
1439	8.19	-0.23234	0.04188
1440	8.195	-0.23255	0.04074
1441	8.2	-0.23275	0.0396
1442	8.205	-0.23295	0.03846
1443	8.21	-0.23314	0.03732
1444	8.215	-0.23332	0.03618
1445	8.22	-0.2335	0.03504
1446	8.225	-0.23367	0.03391
1447	8.23	-0.23384	0.03277
1448	8.235	-0.234	0.03164
1449	8.24	-0.23415	0.03051
1450	8.245	-0.2343	0.02937
1451	8.25	-0.23445	0.02824
1452	8.255	-0.23459	0.02712
1453	8.26	-0.23472	0.02599
1454	8.265	-0.23485	0.02486
1455	8.27	-0.23497	0.02373
1456	8.275	-0.23508	0.02261
1457	8.28	-0.23519	0.02148
1458	8.285	-0.2353	0.02036
1459	8.29	-0.2354	0.01923
1460	8.295	-0.23549	0.0181
1461	8.3	-0.23558	0.01697
1462	8.305	-0.23566	0.01585
1463	8.31	-0.23574	0.01472
1464	8.315	-0.23581	0.01359
1465	8.32	-0.23587	0.01246
1466	8.325	-0.23593	0.01132
1467	8.33	-0.23599	0.01019
1468	8.335	-0.23603	0.00906
1469	8.34	-0.23608	0.00793
1470	8.345	-0.23611	0.00679
1471	8.35	-0.23614	0.00566
1472	8.355	-0.23617	0.00453
1473	8.36	-0.23619	0.0034
1474	8.365	-0.2362	0.00227
1475	8.37	-0.23621	0.00114
1476	8.375	-0.23621	1.47056E-5
1477	8.38	-0.23621	-0.00111
1478	8.385	-0.2362	-0.00223
1479	8.39	-0.23619	-0.00334
1480	8.395	-0.23617	-0.00445
1481	8.4	-0.23615	-0.00555
1482	8.405	-0.23611	-0.00665
1483	8.41	-0.23608	-0.00773
1484	8.415	-0.23604	-0.00882
1485	8.42	-0.23599	-0.00989
1486	8.425	-0.23594	-0.01095
1487	8.43	-0.23588	-0.01201
1488	8.435	-0.23582	-0.01305
1489	8.44	-0.23575	-0.01408
1490	8.445	-0.23568	-0.01511
1491	8.45	-0.2356	-0.01612
1492	8.455	-0.23552	-0.01712
1493	8.46	-0.23543	-0.01812
1494	8.465	-0.23534	-0.0191
1495	8.47	-0.23524	-0.02007
1496	8.475	-0.23513	-0.02103
1497	8.48	-0.23503	-0.02198
1498	8.485	-0.23491	-0.02292
1499	8.49	-0.2348	-0.02385
1500	8.495	-0.23468	-0.02477
1501	8.5	-0.23455	-0.02569
1502	8.505	-0.23442	-0.02659
1503	8.51	-0.23428	-0.02748
1504	8.515	-0.23414	-0.02837
1505	8.52	-0.234	-0.02925
1506	8.525	-0.23385	-0.03011
1507	8.53	-0.2337	-0.03097
1508	8.535	-0.23354	-0.03183
1509	8.54	-0.23338	-0.03267
1510	8.545	-0.23322	-0.03351
1511	8.55	-0.23305	-0.03433
1512	8.555	-0.23287	-0.03515
1513	8.56	-0.23269	-0.03596
1514	8.565	-0.23251	-0.03677
1515	8.57	-0.23233	-0.03756
1516	8.575	-0.23214	-0.03835
1517	8.58	-0.23194	-0.03913
1518	8.585	-0.23175	-0.03991
1519	8.59	-0.23154	-0.04067
1520	8.595	-0.23134	-0.04143
1521	8.6	-0.23113	-0.04218
1522	8.605	-0.23092	-0.04293
1523	8.61	-0.2307	-0.04367
1524	8.615	-0.23048	-0.0444
1525	8.62	-0.23026	-0.04513
1526	8.625	-0.23003	-0.04585
1527	8.63	-0.2298	-0.04656
1528	8.635	-0.22956	-0.04727
1529	8.64	-0.22933	-0.04797
1530	8.645	-0.22908	-0.04866
1531	8.65	-0.22884	-0.04935
1532	8.655	-0.22859	-0.05003
1533	8.66	-0.22834	-0.0507
1534	8.665	-0.22808	-0.05137
1535	8.67	-0.22782	-0.05204
1536	8.675	-0.22756	-0.05269
1537	8.68	-0.2273	-0.05334
1538	8.685	-0.22703	-0.05399
1539	8.69	-0.22676	-0.05462
1540	8.695	-0.22648	-0.05526
1541	8.7	-0.22621	-0.05588
1542	8.705	-0.22592	-0.0565
1543	8.71	-0.22564	-0.05711
1544	8.715	-0.22535	-0.05772
1545	8.72	-0.22506	-0.05832
1546	8.725	-0.22477	-0.05892
1547	8.73	-0.22447	-0.05951
1548	8.735	-0.22417	-0.06009
1549	8.74	-0.22387	-0.06067
1550	8.745	-0.22357	-0.06124
1551	8.75	-0.22326	-0.06181
1552	8.755	-0.22295	-0.06237
1553	8.76	-0.22264	-0.06293
1554	8.765	-0.22232	-0.06347
1555	8.77	-0.222	-0.06402
1556	8.775	-0.22168	-0.06455
1557	8.78	-0.22136	-0.06508
1558	8.785	-0.22103	-0.06561
1559	8.79	-0.2207	-0.06612
1560	8.795	-0.22037	-0.06663
1561	8.8	-0.22003	-0.06713
1562	8.805	-0.2197	-0.06763
1563	8.81	-0.21936	-0.06812
1564	8.815	-0.21902	-0.0686
1565	8.82	-0.21867	-0.06907
1566	8.825	-0.21833	-0.06954
1567	8.83	-0.21798	-0.07
1568	8.835	-0.21763	-0.07045
1569	8.84	-0.21727	-0.07089
1570	8.845	-0.21692	-0.07133
1571	8.85	-0.21656	-0.07176
1572	8.855	-0.2162	-0.07218
1573	8.86	-0.21584	-0.07259
1574	8.865	-0.21547	-0.073
1575	8.87	-0.21511	-0.0734
1576	8.875	-0.21474	-0.07379
1577	8.88	-0.21437	-0.07417
1578	8.885	-0.214	-0.07455
1579	8.89	-0.21362	-0.07492
1580	8.895	-0.21325	-0.07528
1581	8.9	-0.21287	-0.07564
1582	8.905	-0.21249	-0.07599
1583	8.91	-0.21211	-0.07634
1584	8.915	-0.21173	-0.07668
1585	8.92	-0.21134	-0.07701
1586	8.925	-0.21096	-0.07734
1587	8.93	-0.21057	-0.07766
1588	8.935	-0.21018	-0.07798
1589	8.94	-0.20979	-0.07829
1590	8.945	-0.2094	-0.07859
1591	8.95	-0.209	-0.07889
1592	8.955	-0.20861	-0.07919
1593	8.96	-0.20821	-0.07948
1594	8.965	-0.20781	-0.07977
1595	8.97	-0.20742	-0.08005
1596	8.975	-0.20701	-0.08032
1597	8.98	-0.20661	-0.08059
1598	8.985	-0.20621	-0.08086
1599	8.99	-0.2058	-0.08112
1600	8.995	-0.2054	-0.08138
1601	9	-0.20499	-0.08163
1602	9.005	-0.20458	-0.08188
1603	9.01	-0.20417	-0.08212
1604	9.015	-0.20376	-0.08236
1605	9.02	-0.20335	-0.08259
1606	9.025	-0.20293	-0.08282
1607	9.03	-0.20252	-0.08304
1608	9.035	-0.2021	-0.08326
1609	9.04	-0.20169	-0.08348
1610	9.045	-0.20127	-0.08369
1611	9.05	-0.20085	-0.0839
1612	9.055	-0.20043	-0.0841
1613	9.06	-0.20001	-0.0843
1614	9.065	-0.19959	-0.08449
1615	9.07	-0.19916	-0.08469
1616	9.075	-0.19874	-0.08487
1617	9.08	-0.19832	-0.08505
1618	9.085	-0.19789	-0.08523
1619	9.09	-0.19746	-0.08541
1620	9.095	-0.19704	-0.08558
1621	9.1	-0.19661	-0.08575
1622	9.105	-0.19618	-0.08591
1623	9.11	-0.19575	-0.08607
1624	9.115	-0.19532	-0.08623
1625	9.12	-0.19489	-0.08638
1626	9.125	-0.19445	-0.08653
1627	9.13	-0.19402	-0.08668
1628	9.135	-0.19359	-0.08683
1629	9.14	-0.19315	-0.08697
1630	9.145	-0.19272	-0.08711
1631	9.15	-0.19228	-0.08725
1632	9.155	-0.19184	-0.08738
1633	9.16	-0.19141	-0.08752
1634	9.165	-0.19097	-0.08765
1635	9.17	-0.19053	-0.08778
1636	9.175	-0.19009	-0.08791
1637	9.18	-0.18965	-0.08803
1638	9.185	-0.18921	-0.08816
1639	9.19	-0.18877	-0.08828
1640	9.195	-0.18833	-0.0884
1641	9.2	-0.18789	-0.08851
1642	9.205	-0.18744	-0.08863
1643	9.21	-0.187	-0.08874
1644	9.215	-0.18656	-0.08885
1645	9.22	-0.18611	-0.08896
1646	9.225	-0.18567	-0.08907
1647	9.23	-0.18522	-0.08917
1648	9.235	-0.18477	-0.08927
1649	9.24	-0.18433	-0.08936
1650	9.245	-0.18388	-0.08946
1651	9.25	-0.18343	-0.08955
1652	9.255	-0.18299	-0.08963
1653	9.26	-0.18254	-0.08971
1654	9.265	-0.18209	-0.08979
1655	9.27	-0.18164	-0.08986
1656	9.275	-0.18119	-0.08992
1657	9.28	-0.18074	-0.08998
1658	9.285	-0.18029	-0.09003
1659	9.29	-0.17984	-0.09008
1660	9.295	-0.17939	-0.09012
1661	9.3	-0.17894	-0.09015
1662	9.305	-0.17849	-0.09017
1663	9.31	-0.17804	-0.09019
1664	9.315	-0.17759	-0.0902
1665	9.32	-0.17713	-0.0902
1666	9.325	-0.17668	-0.09019
1667	9.33	-0.17623	-0.09017
1668	9.335	-0.17578	-0.09015
1669	9.34	-0.17533	-0.09011
1670	9.345	-0.17488	-0.09007
1671	9.35	-0.17443	-0.09002
1672	9.355	-0.17398	-0.08997
1673	9.36	-0.17353	-0.0899
1674	9.365	-0.17308	-0.08983
1675	9.37	-0.17263	-0.08975
1676	9.375	-0.17218	-0.08967
1677	9.38	-0.17174	-0.08957
1678	9.385	-0.17129	-0.08947
1679	9.39	-0.17084	-0.08937
1680	9.395	-0.17039	-0.08925
1681	9.4	-0.16995	-0.08914
1682	9.405	-0.1695	-0.08901
1683	9.41	-0.16906	-0.08888
1684	9.415	-0.16861	-0.08875
1685	9.42	-0.16817	-0.08861
1686	9.425	-0.16773	-0.08846
1687	9.43	-0.16729	-0.08831
1688	9.435	-0.16685	-0.08816
1689	9.44	-0.16641	-0.088
1690	9.445	-0.16597	-0.08784
1691	9.45	-0.16553	-0.08768
1692	9.455	-0.16509	-0.08751
1693	9.46	-0.16465	-0.08733
1694	9.465	-0.16422	-0.08716
1695	9.47	-0.16378	-0.08698
1696	9.475	-0.16335	-0.0868
1697	9.48	-0.16291	-0.08661
1698	9.485	-0.16248	-0.08643
1699	9.49	-0.16205	-0.08624
1700	9.495	-0.16162	-0.08605
1701	9.5	-0.16119	-0.08586
1702	9.505	-0.16076	-0.08567
1703	9.51	-0.16033	-0.08547
1704	9.515	-0.1599	-0.08528
1705	9.52	-0.15948	-0.08508
1706	9.525	-0.15905	-0.08489
1707	9.53	-0.15863	-0.08469
1708	9.535	-0.15821	-0.08449
1709	9.54	-0.15778	-0.0843
1710	9.545	-0.15736	-0.0841
1711	9.55	-0.15694	-0.08391
1712	9.555	-0.15652	-0.08372
1713	9.56	-0.15611	-0.08352
1714	9.565	-0.15569	-0.08333
1715	9.57	-0.15527	-0.08314
1716	9.575	-0.15486	-0.08296
1717	9.58	-0.15444	-0.08277
1718	9.585	-0.15403	-0.08259
1719	9.59	-0.15362	-0.08241
1720	9.595	-0.15321	-0.08223
1721	9.6	-0.15279	-0.08205
1722	9.605	-0.15239	-0.08187
1723	9.61	-0.15198	-0.0817
1724	9.615	-0.15157	-0.08153
1725	9.62	-0.15116	-0.08136
1726	9.625	-0.15075	-0.0812
1727	9.63	-0.15035	-0.08104
1728	9.635	-0.14994	-0.08088
1729	9.64	-0.14954	-0.08073
1730	9.645	-0.14914	-0.08058
1731	9.65	-0.14873	-0.08043
1732	9.655	-0.14833	-0.08029
1733	9.66	-0.14793	-0.08015
1734	9.665	-0.14753	-0.08001
1735	9.67	-0.14713	-0.07988
1736	9.675	-0.14673	-0.07975
1737	9.68	-0.14633	-0.07962
1738	9.685	-0.14594	-0.0795
1739	9.69	-0.14554	-0.07938
1740	9.695	-0.14514	-0.07927
1741	9.7	-0.14475	-0.07916
1742	9.705	-0.14435	-0.07905
1743	9.71	-0.14396	-0.07894
1744	9.715	-0.14356	-0.07884
1745	9.72	-0.14317	-0.07874
1746	9.725	-0.14277	-0.07865
1747	9.73	-0.14238	-0.07855
1748	9.735	-0.14199	-0.07846
1749	9.74	-0.1416	-0.07837
1750	9.745	-0.1412	-0.07829
1751	9.75	-0.14081	-0.07821
1752	9.755	-0.14042	-0.07812
1753	9.76	-0.14003	-0.07805
1754	9.765	-0.13964	-0.07797
1755	9.77	-0.13925	-0.0779
1756	9.775	-0.13886	-0.07783
1757	9.78	-0.13847	-0.07776
1758	9.785	-0.13809	-0.0777
1759	9.79	-0.1377	-0.07764
1760	9.795	-0.13731	-0.07759
1761	9.8	-0.13692	-0.07754
1762	9.805	-0.13653	-0.07749
1763	9.81	-0.13615	-0.07745
1764	9.815	-0.13576	-0.07742
1765	9.82	-0.13537	-0.07739
1766	9.825	-0.13499	-0.07736
1767	9.83	-0.1346	-0.07734
1768	9.835	-0.13421	-0.07732
1769	9.84	-0.13383	-0.07731
1770	9.845	-0.13344	-0.07731
1771	9.85	-0.13305	-0.0773
1772	9.855	-0.13267	-0.07731
1773	9.86	-0.13228	-0.07732
1774	9.865	-0.13189	-0.07733
1775	9.87	-0.13151	-0.07735
1776	9.875	-0.13112	-0.07737
1777	9.88	-0.13073	-0.0774
1778	9.885	-0.13034	-0.07743
1779	9.89	-0.12996	-0.07747
1780	9.895	-0.12957	-0.07751
1781	9.9	-0.12918	-0.07755
1782	9.905	-0.12879	-0.0776
1783	9.91	-0.12841	-0.07765
1784	9.915	-0.12802	-0.07771
1785	9.92	-0.12763	-0.07776
1786	9.925	-0.12724	-0.07783
1787	9.93	-0.12685	-0.07789
1788	9.935	-0.12646	-0.07796
1789	9.94	-0.12607	-0.07803
1790	9.945	-0.12568	-0.07811
1791	9.95	-0.12529	-0.07818
1792	9.955	-0.1249	-0.07826
1793	9.96	-0.12451	-0.07835
1794	9.965	-0.12412	-0.07843
1795	9.97	-0.12372	-0.07852
1796	9.975	-0.12333	-0.07861
1797	9.98	-0.12294	-0.0787
1798	9.985	-0.12254	-0.0788
1799	9.99	-0.12215	-0.0789
1800	9.995	-0.12175	-0.079
1801	10	-0.12136	-0.0791
1802	10.005	-0.12096	-0.0792
1803	10.01	-0.12057	-0.07931
1804	10.015	-0.12017	-0.07941
1805	10.02	-0.11977	-0.07952
1806	10.025	-0.11938	-0.07962
1807	10.03	-0.11898	-0.07973
1808	10.035	-0.11858	-0.07983
1809	10.04	-0.11818	-0.07994
1810	10.045	-0.11778	-0.08005
1811	10.05	-0.11738	-0.08015
1812	10.055	-0.11698	-0.08025
1813	10.06	-0.11658	-0.08035
1814	10.065	-0.11617	-0.08045
1815	10.07	-0.11577	-0.08055
1816	10.075	-0.11537	-0.08065
1817	10.08	-0.11496	-0.08074
1818	10.085	-0.11456	-0.08084
1819	10.09	-0.11416	-0.08093
1820	10.095	-0.11375	-0.08102
1821	10.1	-0.11335	-0.0811
1822	10.105	-0.11294	-0.08119
1823	10.11	-0.11253	-0.08127
1824	10.115	-0.11213	-0.08135
1825	10.12	-0.11172	-0.08143
1826	10.125	-0.11131	-0.08151
1827	10.13	-0.11091	-0.08158
1828	10.135	-0.1105	-0.08165
1829	10.14	-0.11009	-0.08172
1830	10.145	-0.10968	-0.08179
1831	10.15	-0.10927	-0.08185
1832	10.155	-0.10886	-0.08192
1833	10.16	-0.10845	-0.08198
1834	10.165	-0.10804	-0.08203
1835	10.17	-0.10763	-0.08209
1836	10.175	-0.10722	-0.08214
1837	10.18	-0.10681	-0.08219
1838	10.185	-0.1064	-0.08224
1839	10.19	-0.10599	-0.08228
1840	10.195	-0.10558	-0.08232
1841	10.2	-0.10517	-0.08236
1842	10.205	-0.10475	-0.08239
1843	10.21	-0.10434	-0.08243
1844	10.215	-0.10393	-0.08245
1845	10.22	-0.10352	-0.08248
1846	10.225	-0.1031	-0.0825
1847	10.23	-0.10269	-0.08252
1848	10.235	-0.10228	-0.08254
1849	10.24	-0.10187	-0.08255
1850	10.245	-0.10145	-0.08257
1851	10.25	-0.10104	-0.08257
1852	10.255	-0.10063	-0.08258
1853	10.26	-0.10021	-0.08258
1854	10.265	-0.0998	-0.08258
1855	10.27	-0.09939	-0.08257
1856	10.275	-0.09898	-0.08256
1857	10.28	-0.09856	-0.08254
1858	10.285	-0.09815	-0.08252
1859	10.29	-0.09774	-0.0825
1860	10.295	-0.09733	-0.08247
1861	10.3	-0.09691	-0.08243
1862	10.305	-0.0965	-0.08239
1863	10.31	-0.09609	-0.08234
1864	10.315	-0.09568	-0.08228
1865	10.32	-0.09527	-0.08222
1866	10.325	-0.09486	-0.08215
1867	10.33	-0.09445	-0.08207
1868	10.335	-0.09403	-0.08198
1869	10.34	-0.09363	-0.08189
1870	10.345	-0.09322	-0.08178
1871	10.35	-0.09281	-0.08167
1872	10.355	-0.0924	-0.08154
1873	10.36	-0.09199	-0.08141
1874	10.365	-0.09159	-0.08127
1875	10.37	-0.09118	-0.08112
1876	10.375	-0.09077	-0.08096
1877	10.38	-0.09037	-0.08079
1878	10.385	-0.08997	-0.08061
1879	10.39	-0.08956	-0.08042
1880	10.395	-0.08916	-0.08022
1881	10.4	-0.08876	-0.08002
1882	10.405	-0.08836	-0.07981
1883	10.41	-0.08796	-0.07959
1884	10.415	-0.08757	-0.07936
1885	10.42	-0.08717	-0.07913
1886	10.425	-0.08677	-0.07889
1887	10.43	-0.08638	-0.07865
1888	10.435	-0.08599	-0.0784
1889	10.44	-0.0856	-0.07814
1890	10.445	-0.08521	-0.07788
1891	10.45	-0.08482	-0.07762
1892	10.455	-0.08443	-0.07735
1893	10.46	-0.08404	-0.07707
1894	10.465	-0.08366	-0.07679
1895	10.47	-0.08328	-0.07651
1896	10.475	-0.08289	-0.07622
1897	10.48	-0.08251	-0.07593
1898	10.485	-0.08214	-0.07563
1899	10.49	-0.08176	-0.07533
1900	10.495	-0.08138	-0.07503
1901	10.5	-0.08101	-0.07472
1902	10.505	-0.08064	-0.0744
1903	10.51	-0.08026	-0.07408
1904	10.515	-0.07989	-0.07376
1905	10.52	-0.07953	-0.07343
1906	10.525	-0.07916	-0.0731
1907	10.53	-0.0788	-0.07276
1908	10.535	-0.07843	-0.07242
1909	10.54	-0.07807	-0.07207
1910	10.545	-0.07771	-0.07172
1911	10.55	-0.07735	-0.07136
1912	10.555	-0.077	-0.071
1913	10.56	-0.07664	-0.07064
1914	10.565	-0.07629	-0.07027
1915	10.57	-0.07594	-0.0699
1916	10.575	-0.07559	-0.06952
1917	10.58	-0.07525	-0.06914
1918	10.585	-0.0749	-0.06876
1919	10.59	-0.07456	-0.06838
1920	10.595	-0.07422	-0.06799
1921	10.6	-0.07388	-0.0676
1922	10.605	-0.07354	-0.06721
1923	10.61	-0.07321	-0.06681
1924	10.615	-0.07287	-0.06642
1925	10.62	-0.07254	-0.06602
1926	10.625	-0.07221	-0.06562
1927	10.63	-0.07189	-0.06521
1928	10.635	-0.07156	-0.06481
1929	10.64	-0.07124	-0.0644
1930	10.645	-0.07092	-0.06399
1931	10.65	-0.0706	-0.06357
1932	10.655	-0.07028	-0.06315
1933	10.66	-0.06997	-0.06273
1934	10.665	-0.06965	-0.06231
1935	10.67	-0.06934	-0.06188
1936	10.675	-0.06904	-0.06145
1937	10.68	-0.06873	-0.06102
1938	10.685	-0.06842	-0.06059
1939	10.69	-0.06812	-0.06015
1940	10.695	-0.06782	-0.05971
1941	10.7	-0.06753	-0.05927
1942	10.705	-0.06723	-0.05882
1943	10.71	-0.06694	-0.05838
1944	10.715	-0.06665	-0.05793
1945	10.72	-0.06636	-0.05748
1946	10.725	-0.06607	-0.05703
1947	10.73	-0.06579	-0.05657
1948	10.735	-0.06551	-0.05612
1949	10.74	-0.06523	-0.05567
1950	10.745	-0.06495	-0.05521
1951	10.75	-0.06467	-0.05476
1952	10.755	-0.0644	-0.0543
1953	10.76	-0.06413	-0.05384
1954	10.765	-0.06386	-0.05339
1955	10.77	-0.0636	-0.05293
1956	10.775	-0.06333	-0.05248
1957	10.78	-0.06307	-0.05203
1958	10.785	-0.06281	-0.05158
1959	10.79	-0.06256	-0.05113
1960	10.795	-0.0623	-0.05068
1961	10.8	-0.06205	-0.05023
1962	10.805	-0.0618	-0.04979
1963	10.81	-0.06155	-0.04935
1964	10.815	-0.06131	-0.04891
1965	10.82	-0.06106	-0.04848
1966	10.825	-0.06082	-0.04805
1967	10.83	-0.06058	-0.04763
1968	10.835	-0.06035	-0.04721
1969	10.84	-0.06011	-0.0468
1970	10.845	-0.05988	-0.04639
1971	10.85	-0.05965	-0.04598
1972	10.855	-0.05942	-0.04558
1973	10.86	-0.05919	-0.04519
1974	10.865	-0.05897	-0.0448
1975	10.87	-0.05874	-0.04442
1976	10.875	-0.05852	-0.04404
1977	10.88	-0.0583	-0.04367
1978	10.885	-0.05809	-0.0433
1979	10.89	-0.05787	-0.04294
1980	10.895	-0.05766	-0.04258
1981	10.9	-0.05744	-0.04223
1982	10.905	-0.05723	-0.04187
1983	10.91	-0.05703	-0.04153
1984	10.915	-0.05682	-0.04118
1985	10.92	-0.05661	-0.04085
1986	10.925	-0.05641	-0.04051
1987	10.93	-0.05621	-0.04018
1988	10.935	-0.05601	-0.03985
1989	10.94	-0.05581	-0.03952
1990	10.945	-0.05561	-0.0392
1991	10.95	-0.05542	-0.03888
1992	10.955	-0.05522	-0.03857
1993	10.96	-0.05503	-0.03826
1994	10.965	-0.05484	-0.03795
1995	10.97	-0.05465	-0.03764
1996	10.975	-0.05447	-0.03734
1997	10.98	-0.05428	-0.03704
1998	10.985	-0.05409	-0.03675
1999	10.99	-0.05391	-0.03645
2000	10.995	-0.05373	-0.03616
2001	11	-0.05355	-0.03588
2002	11.005	-0.05337	-0.0356
2003	11.01	-0.05319	-0.03532
2004	11.015	-0.05302	-0.03504
2005	11.02	-0.05284	-0.03477
2006	11.025	-0.05267	-0.03451
2007	11.03	-0.0525	-0.03424
2008	11.035	-0.05233	-0.03398
2009	11.04	-0.05216	-0.03373
2010	11.045	-0.05199	-0.03348
2011	11.05	-0.05182	-0.03323
2012	11.055	-0.05166	-0.03298
2013	11.06	-0.05149	-0.03274
2014	11.065	-0.05133	-0.03251
2015	11.07	-0.05117	-0.03227
2016	11.075	-0.05101	-0.03204
2017	11.08	-0.05085	-0.03182
2018	11.085	-0.05069	-0.03159
2019	11.09	-0.05053	-0.03137
2020	11.095	-0.05038	-0.03116
2021	11.1	-0.05022	-0.03094
2022	11.105	-0.05007	-0.03073
2023	11.11	-0.04991	-0.03052
2024	11.115	-0.04976	-0.03031
2025	11.12	-0.04961	-0.03011
2026	11.125	-0.04946	-0.02991
2027	11.13	-0.04931	-0.02971
2028	11.135	-0.04916	-0.02951
2029	11.14	-0.04902	-0.02932
2030	11.145	-0.04887	-0.02912
2031	11.15	-0.04873	-0.02893
2032	11.155	-0.04858	-0.02874
2033	11.16	-0.04844	-0.02856
2034	11.165	-0.0483	-0.02837
2035	11.17	-0.04815	-0.02819
2036	11.175	-0.04801	-0.02801
2037	11.18	-0.04787	-0.02783
2038	11.185	-0.04774	-0.02765
2039	11.19	-0.0476	-0.02747
2040	11.195	-0.04746	-0.0273
2041	11.2	-0.04732	-0.02712
2042	11.205	-0.04719	-0.02695
2043	11.21	-0.04706	-0.02678
2044	11.215	-0.04692	-0.02661
2045	11.22	-0.04679	-0.02644
2046	11.225	-0.04666	-0.02627
2047	11.23	-0.04653	-0.02611
2048	11.235	-0.0464	-0.02594
2049	11.24	-0.04627	-0.02578
2050	11.245	-0.04614	-0.02562
2051	11.25	-0.04601	-0.02546
2052	11.255	-0.04588	-0.0253
2053	11.26	-0.04576	-0.02514
2054	11.265	-0.04563	-0.02499
2055	11.27	-0.04551	-0.02483
2056	11.275	-0.04538	-0.02468
2057	11.28	-0.04526	-0.02453
2058	11.285	-0.04514	-0.02438
2059	11.29	-0.04502	-0.02424
2060	11.295	-0.0449	-0.02409
2061	11.3	-0.04478	-0.02395
2062	11.305	-0.04466	-0.02381
2063	11.31	-0.04454	-0.02367
2064	11.315	-0.04442	-0.02353
2065	11.32	-0.0443	-0.02339
2066	11.325	-0.04419	-0.02326
2067	11.33	-0.04407	-0.02313
2068	11.335	-0.04396	-0.02299
2069	11.34	-0.04384	-0.02286
2070	11.345	-0.04373	-0.02274
2071	11.35	-0.04361	-0.02261
2072	11.355	-0.0435	-0.02248
2073	11.36	-0.04339	-0.02235
2074	11.365	-0.04328	-0.02223
2075	11.37	-0.04317	-0.0221
2076	11.375	-0.04306	-0.02198
2077	11.38	-0.04295	-0.02186
2078	11.385	-0.04284	-0.02173
2079	11.39	-0.04273	-0.02161
2080	11.395	-0.04262	-0.02149
2081	11.4	-0.04251	-0.02136
2082	11.405	-0.04241	-0.02124
2083	11.41	-0.0423	-0.02112
2084	11.415	-0.0422	-0.021
2085	11.42	-0.04209	-0.02087
2086	11.425	-0.04199	-0.02075
2087	11.43	-0.04188	-0.02062
2088	11.435	-0.04178	-0.0205
2089	11.44	-0.04168	-0.02037
2090	11.445	-0.04158	-0.02025
2091	11.45	-0.04148	-0.02012
2092	11.455	-0.04138	-0.01999
2093	11.46	-0.04128	-0.01986
2094	11.465	-0.04118	-0.01973
2095	11.47	-0.04108	-0.0196
2096	11.475	-0.04098	-0.01946
2097	11.48	-0.04088	-0.01933
2098	11.485	-0.04079	-0.0192
2099	11.49	-0.04069	-0.01907
2100	11.495	-0.0406	-0.01893
2101	11.5	-0.0405	-0.0188
2102	11.505	-0.04041	-0.01866
2103	11.51	-0.04032	-0.01853
2104	11.515	-0.04022	-0.01839
2105	11.52	-0.04013	-0.01826
2106	11.525	-0.04004	-0.01812
2107	11.53	-0.03995	-0.01799
2108	11.535	-0.03986	-0.01785
2109	11.54	-0.03977	-0.01772
2110	11.545	-0.03968	-0.01758
2111	11.55	-0.0396	-0.01745
2112	11.555	-0.03951	-0.01731
2113	11.56	-0.03942	-0.01717
2114	11.565	-0.03934	-0.01703
2115	11.57	-0.03925	-0.01689
2116	11.575	-0.03917	-0.01675
2117	11.58	-0.03909	-0.01661
2118	11.585	-0.039	-0.01647
2119	11.59	-0.03892	-0.01632
2120	11.595	-0.03884	-0.01618
2121	11.6	-0.03876	-0.01603
2122	11.605	-0.03868	-0.01588
2123	11.61	-0.0386	-0.01573
2124	11.615	-0.03852	-0.01558
2125	11.62	-0.03845	-0.01542
2126	11.625	-0.03837	-0.01527
2127	11.63	-0.03829	-0.01511
2128	11.635	-0.03822	-0.01494
2129	11.64	-0.03814	-0.01478
2130	11.645	-0.03807	-0.01461
2131	11.65	-0.038	-0.01444
2132	11.655	-0.03793	-0.01427
2133	11.66	-0.03785	-0.01409
2134	11.665	-0.03778	-0.0139
2135	11.67	-0.03772	-0.01372
2136	11.675	-0.03765	-0.01353
2137	11.68	-0.03758	-0.01333
2138	11.685	-0.03751	-0.01314
2139	11.69	-0.03745	-0.01293
2140	11.695	-0.03738	-0.01273
2141	11.7	-0.03732	-0.01251
2142	11.705	-0.03726	-0.0123
2143	11.71	-0.0372	-0.01208
2144	11.715	-0.03714	-0.01186
2145	11.72	-0.03708	-0.01163
2146	11.725	-0.03702	-0.0114
2147	11.73	-0.03697	-0.01116
2148	11.735	-0.03691	-0.01092
2149	11.74	-0.03686	-0.01068
2150	11.745	-0.0368	-0.01043
2151	11.75	-0.03675	-0.01018
2152	11.755	-0.0367	-0.00993
2153	11.76	-0.03665	-0.00968
2154	11.765	-0.03661	-0.00942
2155	11.77	-0.03656	-0.00915
2156	11.775	-0.03651	-0.00889
2157	11.78	-0.03647	-0.00862
2158	11.785	-0.03643	-0.00835
2159	11.79	-0.03639	-0.00808
2160	11.795	-0.03635	-0.0078
2161	11.8	-0.03631	-0.00752
2162	11.805	-0.03627	-0.00724
2163	11.81	-0.03624	-0.00696
2164	11.815	-0.0362	-0.00668
2165	11.82	-0.03617	-0.00639
2166	11.825	-0.03614	-0.0061
2167	11.83	-0.03611	-0.00581
2168	11.835	-0.03608	-0.00552
2169	11.84	-0.03605	-0.00523
2170	11.845	-0.03603	-0.00494
2171	11.85	-0.036	-0.00465
2172	11.855	-0.03598	-0.00436
2173	11.86	-0.03596	-0.00406
2174	11.865	-0.03594	-0.00377
2175	11.87	-0.03592	-0.00348
2176	11.875	-0.03591	-0.00318
2177	11.88	-0.03589	-0.00289
2178	11.885	-0.03588	-0.0026
2179	11.89	-0.03586	-0.00231
2180	11.895	-0.03585	-0.00202
2181	11.9	-0.03584	-0.00174
2182	11.905	-0.03584	-0.00145
2183	11.91	-0.03583	-0.00117
2184	11.915	-0.03582	-8.9005E-4
2185	11.92	-0.03582	-6.13128E-4
2186	11.925	-0.03582	-3.39391E-4
2187	11.93	-0.03582	-6.91332E-5
2188	11.935	-0.03582	1.97353E-4
2189	11.94	-0.03582	4.59783E-4
2190	11.945	-0.03582	7.17881E-4
2191	11.95	-0.03583	9.71379E-4
2192	11.955	-0.03583	0.00122
2193	11.96	-0.03584	0.00146
2194	11.965	-0.03585	0.0017
2195	11.97	-0.03586	0.00193
2196	11.975	-0.03587	0.00216
2197	11.98	-0.03588	0.00238
2198	11.985	-0.03589	0.0026
2199	11.99	-0.0359	0.00281
2200	11.995	-0.03592	0.00301
2201	12	-0.03593	0.0032
2202	12.005	-0.03595	0.00339
2203	12.01	-0.03597	0.00357
2204	12.015	-0.03599	0.00375
2205	12.02	-0.03601	0.00392
2206	12.025	-0.03603	0.00408
2207	12.03	-0.03605	0.00423
2208	12.035	-0.03607	0.00438
2209	12.04	-0.03609	0.00452
2210	12.045	-0.03611	0.00465
2211	12.05	-0.03614	0.00477
2212	12.055	-0.03616	0.00489
2213	12.06	-0.03619	0.00499
2214	12.065	-0.03621	0.00509
2215	12.07	-0.03624	0.00518
2216	12.075	-0.03626	0.00527
2217	12.08	-0.03629	0.00534
2218	12.085	-0.03632	0.00541
2219	12.09	-0.03634	0.00547
2220	12.095	-0.03637	0.00552
2221	12.1	-0.0364	0.00556
2222	12.105	-0.03643	0.0056
2223	12.11	-0.03645	0.00563
2224	12.115	-0.03648	0.00564
2225	12.12	-0.03651	0.00565
2226	12.125	-0.03654	0.00566
2227	12.13	-0.03657	0.00565
2228	12.135	-0.0366	0.00564
2229	12.14	-0.03662	0.00562
2230	12.145	-0.03665	0.00559
2231	12.15	-0.03668	0.00555
2232	12.155	-0.03671	0.00551
2233	12.16	-0.03673	0.00546
2234	12.165	-0.03676	0.0054
2235	12.17	-0.03679	0.00534
2236	12.175	-0.03681	0.00527
2237	12.18	-0.03684	0.00519
2238	12.185	-0.03687	0.00511
2239	12.19	-0.03689	0.00503
2240	12.195	-0.03692	0.00493
2241	12.2	-0.03694	0.00484
2242	12.205	-0.03697	0.00473
2243	12.21	-0.03699	0.00463
2244	12.215	-0.03701	0.00452
2245	12.22	-0.03703	0.0044
2246	12.225	-0.03706	0.00428
2247	12.23	-0.03708	0.00416
2248	12.235	-0.0371	0.00403
2249	12.24	-0.03712	0.00389
2250	12.245	-0.03714	0.00376
2251	12.25	-0.03715	0.00362
2252	12.255	-0.03717	0.00347
2253	12.26	-0.03719	0.00332
2254	12.265	-0.03721	0.00317
2255	12.27	-0.03722	0.00302
2256	12.275	-0.03724	0.00286
2257	12.28	-0.03725	0.0027
2258	12.285	-0.03726	0.00254
2259	12.29	-0.03728	0.00238
2260	12.295	-0.03729	0.00221
2261	12.3	-0.0373	0.00204
2262	12.305	-0.03731	0.00187
2263	12.31	-0.03732	0.0017
2264	12.315	-0.03732	0.00153
2265	12.32	-0.03733	0.00136
2266	12.325	-0.03734	0.00118
2267	12.33	-0.03734	0.00101
2268	12.335	-0.03735	8.32002E-4
2269	12.34	-0.03735	6.54545E-4
2270	12.345	-0.03735	4.76112E-4
2271	12.35	-0.03736	2.96682E-4
2272	12.355	-0.03736	1.1622E-4
2273	12.36	-0.03736	-6.53176E-5
2274	12.365	-0.03736	-2.47984E-4
2275	12.37	-0.03735	-4.31834E-4
2276	12.375	-0.03735	-6.1692E-4
2277	12.38	-0.03735	-8.03292E-4
2278	12.385	-0.03734	-9.9099E-4
2279	12.39	-0.03734	-0.00118
2280	12.395	-0.03733	-0.00137
2281	12.4	-0.03733	-0.00156
2282	12.405	-0.03732	-0.00176
2283	12.41	-0.03731	-0.00195
2284	12.415	-0.0373	-0.00215
2285	12.42	-0.03729	-0.00234
2286	12.425	-0.03727	-0.00254
2287	12.43	-0.03726	-0.00274
2288	12.435	-0.03725	-0.00294
2289	12.44	-0.03723	-0.00314
2290	12.445	-0.03722	-0.00334
2291	12.45	-0.0372	-0.00355
2292	12.455	-0.03718	-0.00375
2293	12.46	-0.03716	-0.00396
2294	12.465	-0.03714	-0.00416
2295	12.47	-0.03712	-0.00437
2296	12.475	-0.0371	-0.00457
2297	12.48	-0.03707	-0.00478
2298	12.485	-0.03705	-0.00499
2299	12.49	-0.03702	-0.0052
2300	12.495	-0.037	-0.00541
2301	12.5	-0.03697	-0.00561
2302	12.505	-0.03694	-0.00582
2303	12.51	-0.03691	-0.00603
2304	12.515	-0.03688	-0.00624
2305	12.52	-0.03685	-0.00645
2306	12.525	-0.03682	-0.00666
2307	12.53	-0.03678	-0.00687
2308	12.535	-0.03675	-0.00708
2309	12.54	-0.03671	-0.0073
2310	12.545	-0.03667	-0.00751
2311	12.55	-0.03664	-0.00772
2312	12.555	-0.0366	-0.00793
2313	12.56	-0.03656	-0.00814
2314	12.565	-0.03652	-0.00835
2315	12.57	-0.03647	-0.00856
2316	12.575	-0.03643	-0.00877
2317	12.58	-0.03639	-0.00898
2318	12.585	-0.03634	-0.0092
2319	12.59	-0.03629	-0.0094
2320	12.595	-0.03625	-0.00961
2321	12.6	-0.0362	-0.00982
2322	12.605	-0.03615	-0.01003
2323	12.61	-0.0361	-0.01023
2324	12.615	-0.03605	-0.01044
2325	12.62	-0.03599	-0.01064
2326	12.625	-0.03594	-0.01084
2327	12.63	-0.03588	-0.01104
2328	12.635	-0.03583	-0.01123
2329	12.64	-0.03577	-0.01143
2330	12.645	-0.03571	-0.01162
2331	12.65	-0.03566	-0.01181
2332	12.655	-0.0356	-0.01199
2333	12.66	-0.03554	-0.01218
2334	12.665	-0.03547	-0.01236
2335	12.67	-0.03541	-0.01253
2336	12.675	-0.03535	-0.01271
2337	12.68	-0.03528	-0.01288
2338	12.685	-0.03522	-0.01305
2339	12.69	-0.03515	-0.01322
2340	12.695	-0.03509	-0.01338
2341	12.7	-0.03502	-0.01354
2342	12.705	-0.03495	-0.0137
2343	12.71	-0.03488	-0.01386
2344	12.715	-0.03481	-0.01401
2345	12.72	-0.03474	-0.01416
2346	12.725	-0.03467	-0.01431
2347	12.73	-0.0346	-0.01446
2348	12.735	-0.03453	-0.0146
2349	12.74	-0.03445	-0.01475
2350	12.745	-0.03438	-0.01488
2351	12.75	-0.03431	-0.01502
2352	12.755	-0.03423	-0.01515
2353	12.76	-0.03415	-0.01528
2354	12.765	-0.03408	-0.01541
2355	12.77	-0.034	-0.01553
2356	12.775	-0.03392	-0.01565
2357	12.78	-0.03384	-0.01576
2358	12.785	-0.03376	-0.01587
2359	12.79	-0.03368	-0.01598
2360	12.795	-0.0336	-0.01608
2361	12.8	-0.03352	-0.01618
2362	12.805	-0.03344	-0.01627
2363	12.81	-0.03336	-0.01637
2364	12.815	-0.03328	-0.01645
2365	12.82	-0.0332	-0.01653
2366	12.825	-0.03311	-0.01661
2367	12.83	-0.03303	-0.01668
2368	12.835	-0.03295	-0.01675
2369	12.84	-0.03286	-0.01681
2370	12.845	-0.03278	-0.01687
2371	12.85	-0.03269	-0.01693
2372	12.855	-0.03261	-0.01698
2373	12.86	-0.03252	-0.01703
2374	12.865	-0.03244	-0.01707
2375	12.87	-0.03235	-0.01711
2376	12.875	-0.03227	-0.01714
2377	12.88	-0.03218	-0.01718
2378	12.885	-0.0321	-0.0172
2379	12.89	-0.03201	-0.01723
2380	12.895	-0.03192	-0.01725
2381	12.9	-0.03184	-0.01727
2382	12.905	-0.03175	-0.01729
2383	12.91	-0.03166	-0.01731
2384	12.915	-0.03158	-0.01732
2385	12.92	-0.03149	-0.01733
2386	12.925	-0.03141	-0.01735
2387	12.93	-0.03132	-0.01736
2388	12.935	-0.03123	-0.01737
2389	12.94	-0.03114	-0.01737
2390	12.945	-0.03106	-0.01738
2391	12.95	-0.03097	-0.01739
2392	12.955	-0.03088	-0.01739
2393	12.96	-0.0308	-0.01739
2394	12.965	-0.03071	-0.0174
2395	12.97	-0.03062	-0.0174
2396	12.975	-0.03054	-0.0174
2397	12.98	-0.03045	-0.0174
2398	12.985	-0.03036	-0.0174
2399	12.99	-0.03027	-0.01739
2400	12.995	-0.03019	-0.01739
2401	13	-0.0301	-0.01738
2402	13.005	-0.03001	-0.01737
2403	13.01	-0.02993	-0.01736
2404	13.015	-0.02984	-0.01734
2405	13.02	-0.02975	-0.01733
2406	13.025	-0.02967	-0.01731
2407	13.03	-0.02958	-0.01729
2408	13.035	-0.02949	-0.01727
2409	13.04	-0.02941	-0.01724
2410	13.045	-0.02932	-0.01722
2411	13.05	-0.02924	-0.01719
2412	13.055	-0.02915	-0.01716
2413	13.06	-0.02906	-0.01713
2414	13.065	-0.02898	-0.0171
2415	13.07	-0.02889	-0.01706
2416	13.075	-0.02881	-0.01703
2417	13.08	-0.02872	-0.01699
2418	13.085	-0.02864	-0.01695
2419	13.09	-0.02855	-0.01691
2420	13.095	-0.02847	-0.01687
2421	13.1	-0.02839	-0.01682
2422	13.105	-0.0283	-0.01678
2423	13.11	-0.02822	-0.01674
2424	13.115	-0.02813	-0.01669
2425	13.12	-0.02805	-0.01665
2426	13.125	-0.02797	-0.01661
2427	13.13	-0.02788	-0.01656
2428	13.135	-0.0278	-0.01652
2429	13.14	-0.02772	-0.01648
2430	13.145	-0.02764	-0.01644
2431	13.15	-0.02755	-0.0164
2432	13.155	-0.02747	-0.01636
2433	13.16	-0.02739	-0.01633
2434	13.165	-0.02731	-0.01629
2435	13.17	-0.02723	-0.01626
2436	13.175	-0.02715	-0.01623
2437	13.18	-0.02707	-0.01619
2438	13.185	-0.02698	-0.01617
2439	13.19	-0.0269	-0.01614
2440	13.195	-0.02682	-0.01611
2441	13.2	-0.02674	-0.01609
2442	13.205	-0.02666	-0.01606
2443	13.21	-0.02658	-0.01604
2444	13.215	-0.0265	-0.01602
2445	13.22	-0.02642	-0.01601
2446	13.225	-0.02634	-0.01599
2447	13.23	-0.02626	-0.01597
2448	13.235	-0.02618	-0.01596
2449	13.24	-0.0261	-0.01595
2450	13.245	-0.02602	-0.01594
2451	13.25	-0.02594	-0.01594
2452	13.255	-0.02586	-0.01593
2453	13.26	-0.02578	-0.01593
2454	13.265	-0.0257	-0.01593
2455	13.27	-0.02562	-0.01593
2456	13.275	-0.02555	-0.01593
2457	13.28	-0.02547	-0.01593
2458	13.285	-0.02539	-0.01594
2459	13.29	-0.02531	-0.01595
2460	13.295	-0.02523	-0.01596
2461	13.3	-0.02515	-0.01597
2462	13.305	-0.02507	-0.01598
2463	13.31	-0.02499	-0.016
2464	13.315	-0.02491	-0.01602
2465	13.32	-0.02483	-0.01603
2466	13.325	-0.02475	-0.01605
2467	13.33	-0.02467	-0.01607
2468	13.335	-0.02459	-0.0161
2469	13.34	-0.0245	-0.01612
2470	13.345	-0.02442	-0.01615
2471	13.35	-0.02434	-0.01617
2472	13.355	-0.02426	-0.0162
2473	13.36	-0.02418	-0.01623
2474	13.365	-0.0241	-0.01626
2475	13.37	-0.02402	-0.0163
2476	13.375	-0.02394	-0.01633
2477	13.38	-0.02386	-0.01637
2478	13.385	-0.02377	-0.01641
2479	13.39	-0.02369	-0.01645
2480	13.395	-0.02361	-0.01649
2481	13.4	-0.02353	-0.01654
2482	13.405	-0.02344	-0.01659
2483	13.41	-0.02336	-0.01664
2484	13.415	-0.02328	-0.01669
2485	13.42	-0.02319	-0.01675
2486	13.425	-0.02311	-0.0168
2487	13.43	-0.02303	-0.01686
2488	13.435	-0.02294	-0.01693
2489	13.44	-0.02286	-0.01699
2490	13.445	-0.02277	-0.01706
2491	13.45	-0.02269	-0.01714
2492	13.455	-0.0226	-0.01721
2493	13.46	-0.02251	-0.01729
2494	13.465	-0.02243	-0.01738
2495	13.47	-0.02234	-0.01746
2496	13.475	-0.02225	-0.01755
2497	13.48	-0.02216	-0.01765
2498	13.485	-0.02208	-0.01774
2499	13.49	-0.02199	-0.01785
2500	13.495	-0.0219	-0.01795
2501	13.5	-0.02181	-0.01806
2502	13.505	-0.02172	-0.01818
2503	13.51	-0.02163	-0.01829
2504	13.515	-0.02153	-0.01841
2505	13.52	-0.02144	-0.01854
2506	13.525	-0.02135	-0.01867
2507	13.53	-0.02125	-0.0188
2508	13.535	-0.02116	-0.01893
2509	13.54	-0.02107	-0.01907
2510	13.545	-0.02097	-0.0192
2511	13.55	-0.02087	-0.01934
2512	13.555	-0.02078	-0.01949
2513	13.56	-0.02068	-0.01963
2514	13.565	-0.02058	-0.01978
2515	13.57	-0.02048	-0.01992
2516	13.575	-0.02038	-0.02007
2517	13.58	-0.02028	-0.02022
2518	13.585	-0.02018	-0.02037
2519	13.59	-0.02008	-0.02052
2520	13.595	-0.01997	-0.02067
2521	13.6	-0.01987	-0.02083
2522	13.605	-0.01977	-0.02098
2523	13.61	-0.01966	-0.02113
2524	13.615	-0.01955	-0.02128
2525	13.62	-0.01945	-0.02143
2526	13.625	-0.01934	-0.02159
2527	13.63	-0.01923	-0.02174
2528	13.635	-0.01912	-0.02189
2529	13.64	-0.01901	-0.02203
2530	13.645	-0.0189	-0.02218
2531	13.65	-0.01879	-0.02232
2532	13.655	-0.01868	-0.02247
2533	13.66	-0.01857	-0.02261
2534	13.665	-0.01845	-0.02275
2535	13.67	-0.01834	-0.02288
2536	13.675	-0.01822	-0.02302
2537	13.68	-0.01811	-0.02315
2538	13.685	-0.01799	-0.02328
2539	13.69	-0.01788	-0.02341
2540	13.695	-0.01776	-0.02353
2541	13.7	-0.01764	-0.02365
2542	13.705	-0.01752	-0.02377
2543	13.71	-0.0174	-0.02389
2544	13.715	-0.01728	-0.024
2545	13.72	-0.01716	-0.02411
2546	13.725	-0.01704	-0.02421
2547	13.73	-0.01692	-0.02432
2548	13.735	-0.0168	-0.02442
2549	13.74	-0.01668	-0.02451
2550	13.745	-0.01655	-0.02461
2551	13.75	-0.01643	-0.02469
2552	13.755	-0.01631	-0.02478
2553	13.76	-0.01618	-0.02486
2554	13.765	-0.01606	-0.02494
2555	13.77	-0.01593	-0.02501
2556	13.775	-0.01581	-0.02508
2557	13.78	-0.01568	-0.02515
2558	13.785	-0.01556	-0.02521
2559	13.79	-0.01543	-0.02527
2560	13.795	-0.0153	-0.02532
2561	13.8	-0.01518	-0.02538
2562	13.805	-0.01505	-0.02542
2563	13.81	-0.01492	-0.02547
2564	13.815	-0.01479	-0.02551
2565	13.82	-0.01467	-0.02555
2566	13.825	-0.01454	-0.02558
2567	13.83	-0.01441	-0.02561
2568	13.835	-0.01428	-0.02564
2569	13.84	-0.01416	-0.02566
2570	13.845	-0.01403	-0.02568
2571	13.85	-0.0139	-0.0257
2572	13.855	-0.01377	-0.02572
2573	13.86	-0.01364	-0.02573
2574	13.865	-0.01351	-0.02574
2575	13.87	-0.01338	-0.02575
2576	13.875	-0.01325	-0.02575
2577	13.88	-0.01313	-0.02575
2578	13.885	-0.013	-0.02575
2579	13.89	-0.01287	-0.02575
2580	13.895	-0.01274	-0.02574
2581	13.9	-0.01261	-0.02573
2582	13.905	-0.01248	-0.02572
2583	13.91	-0.01235	-0.0257
2584	13.915	-0.01223	-0.02569
2585	13.92	-0.0121	-0.02567
2586	13.925	-0.01197	-0.02565
2587	13.93	-0.01184	-0.02562
2588	13.935	-0.01171	-0.0256
2589	13.94	-0.01158	-0.02557
2590	13.945	-0.01146	-0.02553
2591	13.95	-0.01133	-0.0255
2592	13.955	-0.0112	-0.02546
2593	13.96	-0.01107	-0.0254
2594	13.965	-0.01095	-0.02532
2595	13.97	-0.01082	-0.02522
2596	13.975	-0.0107	-0.02511
2597	13.98	-0.01057	-0.025
2598	13.985	-0.01045	-0.02489
2599	13.99	-0.01032	-0.02478
2600	13.995	-0.0102	-0.02466
2601	14	-0.01008	-0.02455
2602	14.005	-0.00995	-0.02444
2603	14.01	-0.00983	-0.02432
2604	14.015	-0.00971	-0.02421
2605	14.02	-0.00959	-0.0241
2606	14.025	-0.00947	-0.02399
2607	14.03	-0.00935	-0.02388
2608	14.035	-0.00923	-0.02378
2609	14.04	-0.00911	-0.02367
2610	14.045	-0.00899	-0.02357
2611	14.05	-0.00888	-0.02347
2612	14.055	-0.00876	-0.02342
2613	14.06	-0.00864	-0.02342
2614	14.065	-0.00852	-0.02339
2615	14.07	-0.00841	-0.02332
2616	14.075	-0.00829	-0.02325
2617	14.08	-0.00817	-0.02318
2618	14.085	-0.00806	-0.02311
2619	14.09	-0.00794	-0.02305
2620	14.095	-0.00783	-0.02298
2621	14.1	-0.00771	-0.02291
2622	14.105	-0.0076	-0.02284
2623	14.11	-0.00749	-0.02277
2624	14.115	-0.00737	-0.0227
2625	14.12	-0.00726	-0.02264
2626	14.125	-0.00715	-0.02257
2627	14.13	-0.00703	-0.02251
2628	14.135	-0.00692	-0.02244
2629	14.14	-0.00681	-0.02238
2630	14.145	-0.0067	-0.02232
2631	14.15	-0.00658	-0.02225
2632	14.155	-0.00647	-0.02219
2633	14.16	-0.00636	-0.02213
2634	14.165	-0.00625	-0.02207
2635	14.17	-0.00614	-0.02202
2636	14.175	-0.00603	-0.02196
2637	14.18	-0.00592	-0.02191
2638	14.185	-0.00581	-0.02185
2639	14.19	-0.0057	-0.0218
2640	14.195	-0.0056	-0.02175
2641	14.2	-0.00549	-0.0217
2642	14.205	-0.00538	-0.02165
2643	14.21	-0.00527	-0.0216
2644	14.215	-0.00516	-0.02155
2645	14.22	-0.00505	-0.02151
2646	14.225	-0.00495	-0.02146
2647	14.23	-0.00484	-0.02141
2648	14.235	-0.00473	-0.02136
2649	14.24	-0.00463	-0.0213
2650	14.245	-0.00452	-0.02124
2651	14.25	-0.00441	-0.02118
2652	14.255	-0.00431	-0.0211
2653	14.26	-0.0042	-0.02102
2654	14.265	-0.0041	-0.02093
2655	14.27	-0.00399	-0.02083
2656	14.275	-0.00389	-0.02072
2657	14.28	-0.00379	-0.0206
2658	14.285	-0.00368	-0.02047
2659	14.29	-0.00358	-0.02033
2660	14.295	-0.00348	-0.02017
2661	14.3	-0.00338	-0.02
2662	14.305	-0.00328	-0.01982
2663	14.31	-0.00318	-0.01963
2664	14.315	-0.00308	-0.01943
2665	14.32	-0.00299	-0.01921
2666	14.325	-0.00289	-0.01899
2667	14.33	-0.0028	-0.01875
2668	14.335	-0.0027	-0.0185
2669	14.34	-0.00261	-0.01824
2670	14.345	-0.00252	-0.01797
2671	14.35	-0.00243	-0.0177
2672	14.355	-0.00235	-0.01741
2673	14.36	-0.00226	-0.01712
2674	14.365	-0.00217	-0.01681
2675	14.37	-0.00209	-0.01651
2676	14.375	-0.00201	-0.01619
2677	14.38	-0.00193	-0.01587
2678	14.385	-0.00185	-0.01555
2679	14.39	-0.00177	-0.01522
2680	14.395	-0.0017	-0.01489
2681	14.4	-0.00162	-0.01455
2682	14.405	-0.00155	-0.01421
2683	14.41	-0.00148	-0.01387
2684	14.415	-0.00141	-0.01353
2685	14.42	-0.00135	-0.01319
2686	14.425	-0.00128	-0.01284
2687	14.43	-0.00122	-0.0125
2688	14.435	-0.00116	-0.01215
2689	14.44	-0.0011	-0.01181
2690	14.445	-0.00104	-0.01146
2691	14.45	-9.8225E-4	-0.01111
2692	14.455	-9.27548E-4	-0.01077
2693	14.46	-8.74573E-4	-0.01042
2694	14.465	-8.23325E-4	-0.01008
2695	14.47	-7.738E-4	-0.00973
2696	14.475	-7.25997E-4	-0.00939
2697	14.48	-6.79913E-4	-0.00905
2698	14.485	-6.35545E-4	-0.0087
2699	14.49	-5.92891E-4	-0.00836
2700	14.495	-5.51945E-4	-0.00802
2701	14.5	-5.12703E-4	-0.00768
2702	14.505	-4.75156E-4	-0.00734
2703	14.51	-4.39297E-4	-0.007
2704	14.515	-4.05115E-4	-0.00667
2705	14.52	-3.72599E-4	-0.00634
2706	14.525	-3.41734E-4	-0.00601
2707	14.53	-3.12503E-4	-0.00568
2708	14.535	-2.84888E-4	-0.00536
2709	14.54	-2.58867E-4	-0.00505
2710	14.545	-2.34416E-4	-0.00474
2711	14.55	-2.11507E-4	-0.00443
2712	14.555	-1.9011E-4	-0.00413
2713	14.56	-1.70193E-4	-0.00384
2714	14.565	-1.51719E-4	-0.00355
2715	14.57	-1.34648E-4	-0.00328
2716	14.575	-1.18938E-4	-0.00301
2717	14.58	-1.04544E-4	-0.00275
2718	14.585	-9.14178E-5	-0.0025
2719	14.59	-7.95075E-5	-0.00227
2720	14.595	-6.87594E-5	-0.00204
2721	14.6	-5.9117E-5	-0.00182
2722	14.605	-5.05217E-5	-0.00162
2723	14.61	-4.29127E-5	-0.00143
2724	14.615	-3.62276E-5	-0.00125
2725	14.62	-3.04025E-5	-0.00109
2726	14.625	-2.53727E-5	-9.3295E-4
2727	14.63	-2.1073E-5	-7.93481E-4
2728	14.635	-1.74379E-5	-6.67046E-4
2729	14.64	-1.44026E-5	-5.53509E-4
2730	14.645	-1.19028E-5	-4.52632E-4
2731	14.65	-9.87623E-6	-3.64069E-4
2732	14.655	-8.26215E-6	-2.87362E-4
2733	14.66	-7.0026E-6	-2.21946E-4
2734	14.665	-6.04269E-6	-1.67149E-4
2735	14.67	-5.33112E-6	-1.22195E-4
2736	14.675	-4.82073E-6	-8.62193E-5
2737	14.68	-4.46892E-6	-5.82722E-5
2738	14.685	-4.23801E-6	-3.73399E-5
2739	14.69	-4.09552E-6	-2.23625E-5
2740	14.695	-4.01438E-6	-1.22598E-5
2741	14.7	-3.97293E-6	-5.96139E-6
2742	14.705	-3.95477E-6	-2.44381E-6
2743	14.71	-3.94849E-6	-7.74101E-7
2744	14.715	-3.94703E-6	-1.61146E-7
2745	14.72	-3.94688E-6	-3.94703E-4
2746	14.725	0	-3.94688E-4
2747	14.73	0	0
2748	14.735	0	0
2749	14.74	0	0
2750	14.745	0	0
2751	14.75	0	0
2752	14.755	0	0
2753	14.76	0	0
2754	14.765	0	0
2755	14.77	0	0
2756	14.775	0	0
2757	14.78	0	0
2758	14.785	0	0
2759	14.79	0	0
2760	14.795	0	0
2761	14.8	0	0
2762	14.805	0	0
2763	14.81	0	0
2764	14.815	0	0
2765	14.82	0	0
2766	14.825	0	0
2767	14.83	0	0
2768	14.835	0	0
2769	14.84	0	0
2770	14.845	0	0
2771	14.85	0	0
2772	14.855	0	0
2773	14.86	0	0
2774	14.865	0	0
2775	14.87	0	0
2776	14.875	0	0
2777	14.88	0	0
2778	14.885	0	0
2779	14.89	0	0
2780	14.895	0	0
2781	14.9	0	0
2782	14.905	0	0
2783	14.91	0	0
2784	14.915	0	0
2785	14.92	0	0
2786	14.925	0	0
2787	14.93	0	0
2788	14.935	0	0
2789	14.94	0	0
2790	14.945	0	0
2791	14.95	0	0
2792	14.955	0	0
2793	14.96	0	0
2794	14.965	0	0
2795	14.97	0	0
2796	14.975	0	0
2797	14.98	0	0
2798	14.985	0	0
2799	14.99	0	0
2800	14.995	0	0
2801	15	0	0
