BOCS
N 2801

1	1	30229.6512	90394.63432
2	1.005	29777.67803	89955.24657
3	1.01	29330.09874	89077.24433
4	1.015	28886.90559	88200.85959
5	1.02	28448.09014	87326.22005
6	1.025	28013.64339	86453.42688
7	1.03	27583.55587	85582.55862
8	1.035	27157.8178	84713.67449
9	1.04	26736.41913	83846.81737
10	1.045	26319.34963	82982.01631
11	1.05	25906.59896	82119.28872
12	1.055	25498.15674	81258.64224
13	1.06	25094.01254	80400.0763
14	1.065	24694.15598	79543.58338
15	1.07	24298.57671	78689.15014
16	1.075	23907.26447	77836.7582
17	1.08	23520.20912	76986.38479
18	1.085	23137.40063	76138.00325
19	1.09	22758.82909	75291.5833
20	1.095	22384.48479	74447.09122
21	1.1	22014.35818	73604.48988
22	1.105	21648.43989	72763.73868
23	1.11	21286.72079	71924.79336
24	1.115	20929.19196	71087.60574
25	1.12	20575.84474	70252.12336
26	1.125	20226.67073	69418.28909
27	1.13	19881.66184	68586.04061
28	1.135	19540.81032	67755.30991
29	1.14	19204.10875	66926.02265
30	1.145	18871.55009	66098.09757
31	1.15	18543.12777	65271.44573
32	1.155	18218.83564	64445.96983
33	1.16	17898.66807	63621.56336
34	1.165	17582.62	62798.10979
35	1.17	17270.68697	61975.48164
36	1.175	16962.86519	61153.53947
37	1.18	16659.15158	60332.13087
38	1.185	16359.54388	59511.08921
39	1.19	16064.04069	58690.23238
40	1.195	15772.64155	57869.36132
41	1.2	15485.34707	57048.25841
42	1.205	15202.15897	56226.68553
43	1.21	14923.08022	55404.38196
44	1.215	14648.11515	54581.06184
45	1.22	14377.2696	53756.41124
46	1.225	14110.55104	52930.08473
47	1.23	13847.96875	52101.70131
48	1.235	13589.53403	51270.83965
49	1.24	13335.26036	50437.03244
50	1.245	13085.1637	49599.7599
51	1.25	12839.26276	48758.44217
52	1.255	12597.57928	47912.43085
53	1.26	12360.13845	47060.99981
54	1.265	12126.96928	46203.33583
55	1.27	11898.10509	45338.53051
56	1.275	11673.58398	44465.57568
57	1.28	11453.44933	43583.36716
58	1.285	11237.7503	42690.72455
59	1.29	11026.54209	41786.44158
60	1.295	10819.88589	40869.3906
61	1.3	10617.84818	39938.72132
62	1.305	10420.49868	38994.21783
63	1.31	10227.906	38036.91091
64	1.315	10040.12957	37070.07835
65	1.32	9857.20522	36100.77427
66	1.325	9679.12182	35141.92036
67	1.33	9505.78602	34214.55068
68	1.335	9336.97632	33348.59573
69	1.34	9172.30006	32578.02406
70	1.345	9011.19608	31922.02407
71	1.35	8853.07982	31502.03647
72	1.355	8696.17571	31102.76791
73	1.36	8542.05214	30551.58859
74	1.365	8390.65983	30010.17685
75	1.37	8241.95037	29478.35959
76	1.375	8095.87623	28955.96678
77	1.38	7952.3907	28442.83142
78	1.385	7811.44792	27938.78945
79	1.39	7673.00281	27443.67972
80	1.395	7537.01112	26957.34395
81	1.4	7403.42937	26479.62664
82	1.405	7272.21485	26010.37507
83	1.41	7143.32562	25549.43922
84	1.415	7016.72046	25096.67172
85	1.42	6892.3589	24651.92781
86	1.425	6770.20118	24215.06532
87	1.43	6650.20825	23785.94456
88	1.435	6532.34174	23364.42836
89	1.44	6416.56396	22950.38194
90	1.445	6302.83792	22543.67293
91	1.45	6191.12724	22144.1713
92	1.455	6081.3962	21751.74934
93	1.46	5973.60974	21366.28158
94	1.465	5867.73339	20987.64477
95	1.47	5763.73329	20615.71788
96	1.475	5661.57621	20250.38199
97	1.48	5561.22947	19891.52031
98	1.485	5462.66101	19539.01809
99	1.49	5365.83929	19192.76265
100	1.495	5270.73338	18852.64328
101	1.5	5177.31286	18518.55124
102	1.505	5085.54787	18190.37972
103	1.51	4995.40906	17868.02381
104	1.515	4906.86763	17551.38044
105	1.52	4819.89526	17240.34838
106	1.525	4734.46415	16934.8282
107	1.53	4650.54698	16634.7222
108	1.535	4568.11692	16339.93446
109	1.54	4487.14763	16050.37071
110	1.545	4407.61322	15765.93839
111	1.55	4329.48825	15486.54656
112	1.555	4252.74775	15212.1059
113	1.56	4177.36719	14942.52867
114	1.565	4103.32246	14677.72867
115	1.57	4030.5899	14417.62126
116	1.575	3959.14625	14162.12327
117	1.58	3888.96867	13911.15302
118	1.585	3820.03472	13664.63027
119	1.59	3752.32237	13422.47621
120	1.595	3685.80996	13184.61341
121	1.6	3620.47623	12950.96584
122	1.605	3556.3003	12721.45879
123	1.61	3493.26165	12496.01888
124	1.615	3431.34011	12274.57405
125	1.62	3370.5159	12057.0535
126	1.625	3310.76958	11843.38767
127	1.63	3252.08203	11633.50827
128	1.635	3194.43449	11427.34819
129	1.64	3137.80855	11224.84151
130	1.645	3082.18608	11025.92351
131	1.65	3027.54931	10830.53058
132	1.655	2973.88077	10638.60025
133	1.66	2921.16331	10450.07116
134	1.665	2869.38006	10264.88304
135	1.67	2818.51448	10082.97668
136	1.675	2768.55029	9904.29393
137	1.68	2719.47154	9728.77765
138	1.685	2671.26252	9556.37174
139	1.69	2623.90782	9387.02108
140	1.695	2577.39231	9220.67151
141	1.7	2531.70111	9057.26987
142	1.705	2486.81961	8896.7639
143	1.71	2442.73347	8739.1023
144	1.715	2399.42859	8584.23465
145	1.72	2356.89112	8432.11145
146	1.725	2315.10747	8282.68406
147	1.73	2274.06428	8135.9047
148	1.735	2233.74842	7991.72646
149	1.74	2194.14702	7850.10323
150	1.745	2155.24739	7710.98975
151	1.75	2117.03712	7574.34152
152	1.755	2079.50398	7440.11487
153	1.76	2042.63597	7308.26688
154	1.765	2006.42131	7178.75539
155	1.77	1970.84842	7051.53902
156	1.775	1935.90592	6926.57707
157	1.78	1901.58264	6803.8296
158	1.785	1867.86762	6683.25737
159	1.79	1834.75007	6564.82182
160	1.795	1802.2194	6448.4851
161	1.8	1770.26522	6334.21001
162	1.805	1738.8773	6221.96001
163	1.81	1708.04562	6111.69923
164	1.815	1677.76031	6003.3924
165	1.82	1648.0117	5897.00489
166	1.825	1618.79026	5792.50271
167	1.83	1590.08667	5689.85244
168	1.835	1561.89174	5589.02125
169	1.84	1534.19646	5489.97692
170	1.845	1506.99197	5392.68777
171	1.85	1480.26958	5297.12271
172	1.855	1454.02074	5203.25117
173	1.86	1428.23707	5111.04316
174	1.865	1402.91031	5020.46919
175	1.87	1378.03238	4931.50029
176	1.875	1353.59531	4844.10804
177	1.88	1329.59129	4758.26449
178	1.885	1306.01266	4673.94218
179	1.89	1282.85187	4591.11418
180	1.895	1260.10152	4509.75398
181	1.9	1237.75433	4429.83559
182	1.905	1215.80316	4351.33346
183	1.91	1194.241	4274.22247
184	1.915	1173.06094	4198.47799
185	1.92	1152.25622	4124.0758
186	1.925	1131.82018	4050.9921
187	1.93	1111.7463	3979.20353
188	1.935	1092.02815	3908.68715
189	1.94	1072.65943	3839.4204
190	1.945	1053.63394	3771.38115
191	1.95	1034.94561	3704.54764
192	1.955	1016.58847	3638.89849
193	1.96	998.55663	3574.41273
194	1.965	980.84434	3511.06974
195	1.97	963.44593	3448.84927
196	1.975	946.35585	3387.73141
197	1.98	929.56862	3327.69664
198	1.985	913.07888	3268.72576
199	1.99	896.88136	3210.79992
200	1.995	880.97088	3153.9006
201	2	865.34235	3098.0096
202	2.005	849.99078	3043.10905
203	2.01	834.91126	2989.18142
204	2.015	820.09897	2936.20944
205	2.02	805.54917	2884.1762
206	2.025	791.25721	2833.06505
207	2.03	777.21852	2782.85965
208	2.035	763.42861	2733.54395
209	2.04	749.88308	2685.10219
210	2.045	736.57759	2637.51887
211	2.05	723.50789	2590.77879
212	2.055	710.6698	2544.86701
213	2.06	698.05922	2499.76883
214	2.065	685.67211	2455.46985
215	2.07	673.50452	2411.9559
216	2.075	661.55256	2369.21308
217	2.08	649.81239	2327.22771
218	2.085	638.28028	2285.98637
219	2.09	626.95253	2245.47588
220	2.095	615.82552	2205.68328
221	2.1	604.89569	2166.59586
222	2.105	594.15956	2128.20112
223	2.11	583.61368	2090.48677
224	2.115	573.25469	2053.44077
225	2.12	563.07928	2017.05128
226	2.125	553.08418	1981.30665
227	2.13	543.26621	1946.19545
228	2.135	533.62223	1911.70648
229	2.14	524.14914	1877.82869
230	2.145	514.84394	1844.55125
231	2.15	505.70363	1811.86353
232	2.155	496.7253	1779.75508
233	2.16	487.90608	1748.21563
234	2.165	479.24315	1717.2351
235	2.17	470.73373	1686.80358
236	2.175	462.37511	1656.91134
237	2.18	454.16462	1627.54884
238	2.185	446.09962	1598.70667
239	2.19	438.17755	1570.37562
240	2.195	430.39587	1542.54663
241	2.2	422.75208	1515.21081
242	2.205	415.24376	1488.35941
243	2.21	407.86849	1461.98385
244	2.215	400.62392	1436.07569
245	2.22	393.50773	1410.62667
246	2.225	386.51765	1385.62863
247	2.23	379.65145	1361.07358
248	2.235	372.90692	1336.95368
249	2.24	366.28191	1313.26122
250	2.245	359.77431	1289.98861
251	2.25	353.38202	1267.12843
252	2.255	347.10302	1244.67335
253	2.26	340.93529	1222.61621
254	2.265	334.87686	1200.94995
255	2.27	328.92579	1179.66763
256	2.275	323.08018	1158.76247
257	2.28	317.33817	1138.22778
258	2.285	311.69791	1118.05698
259	2.29	306.1576	1098.24363
260	2.295	300.71547	1078.7814
261	2.3	295.36978	1059.66407
262	2.305	290.11883	1040.88552
263	2.31	284.96093	1022.43975
264	2.315	279.89443	1004.32086
265	2.32	274.91772	986.52306
266	2.325	270.0292	969.04065
267	2.33	265.22731	951.86806
268	2.335	260.51052	934.99979
269	2.34	255.87731	918.43044
270	2.345	251.32621	902.15472
271	2.35	246.85577	886.16743
272	2.355	242.46454	870.46345
273	2.36	238.15113	855.03777
274	2.365	233.91416	839.88545
275	2.37	229.75228	825.00165
276	2.375	225.66415	810.3816
277	2.38	221.64846	796.02064
278	2.385	217.70394	781.91418
279	2.39	213.82932	768.05769
280	2.395	210.02336	754.44677
281	2.4	206.28485	741.07704
282	2.405	202.61259	727.94425
283	2.41	199.00541	715.04418
284	2.415	195.46215	702.37271
285	2.42	191.98168	689.92581
286	2.425	188.56289	677.69947
287	2.43	185.20469	665.6898
288	2.435	181.90599	653.89296
289	2.44	178.66576	642.30517
290	2.445	175.48294	630.92273
291	2.45	172.35653	619.74201
292	2.455	169.28552	608.75942
293	2.46	166.26894	597.97145
294	2.465	163.30581	587.37466
295	2.47	160.39519	576.96566
296	2.475	157.53615	566.74112
297	2.48	154.72778	556.69777
298	2.485	151.96917	546.8324
299	2.49	149.25946	537.14186
300	2.495	146.59776	527.62304
301	2.5	143.98322	518.27291
302	2.505	141.41503	509.08848
303	2.51	138.89234	500.0668
304	2.515	136.41436	491.205
305	2.52	133.98029	482.50025
306	2.525	131.58936	473.94975
307	2.53	129.24079	465.55078
308	2.535	126.93385	457.30064
309	2.54	124.66779	449.19671
310	2.545	122.44188	441.23639
311	2.55	120.25542	433.41714
312	2.555	118.10771	425.73646
313	2.56	115.99806	418.19188
314	2.565	113.92579	410.78101
315	2.57	111.89025	403.50146
316	2.575	109.89078	396.35092
317	2.58	107.92674	389.3271
318	2.585	105.99751	382.42774
319	2.59	104.10246	375.65065
320	2.595	102.241	368.99366
321	2.6	100.41252	362.45464
322	2.605	98.61645	356.03149
323	2.61	96.85221	349.72218
324	2.615	95.11923	343.52467
325	2.62	93.41696	337.43699
326	2.625	91.74486	331.45719
327	2.63	90.10239	325.58336
328	2.635	88.48903	319.81363
329	2.64	86.90425	314.14613
330	2.645	85.34757	308.57908
331	2.65	83.81846	303.11068
332	2.655	82.31646	297.73918
333	2.66	80.84107	292.46288
334	2.665	79.39183	287.28008
335	2.67	77.96827	282.18912
336	2.675	76.56994	277.18838
337	2.68	75.19639	272.27626
338	2.685	73.84718	267.45119
339	2.69	72.52188	262.71163
340	2.695	71.22006	258.05605
341	2.7	69.94131	253.48298
342	2.705	68.68523	248.99095
343	2.71	67.45141	244.57853
344	2.715	66.23945	240.24429
345	2.72	65.04896	235.98687
346	2.725	63.87958	231.80489
347	2.73	62.73091	227.69702
348	2.735	61.60261	223.66195
349	2.74	60.49429	219.69839
350	2.745	59.40562	215.80506
351	2.75	58.33624	211.98073
352	2.755	57.28581	208.22417
353	2.76	56.254	204.53418
354	2.765	55.24047	200.90959
355	2.77	54.24491	197.34922
356	2.775	53.26698	193.85195
357	2.78	52.30639	190.41665
358	2.785	51.36281	187.04224
359	2.79	50.43596	183.72762
360	2.795	49.52554	180.47174
361	2.8	48.63125	177.27356
362	2.805	47.7528	174.13205
363	2.81	46.88993	171.04622
364	2.815	46.04234	168.01507
365	2.82	45.20978	165.03763
366	2.825	44.39196	162.11296
367	2.83	43.58865	159.24012
368	2.835	42.79956	156.41819
369	2.84	42.02446	153.64627
370	2.845	41.2631	150.92347
371	2.85	40.51523	148.24892
372	2.855	39.78061	145.62177
373	2.86	39.05901	143.04117
374	2.865	38.3502	140.5063
375	2.87	37.65395	138.01636
376	2.875	36.97004	135.57054
377	2.88	36.29824	133.16806
378	2.885	35.63836	130.80816
379	2.89	34.99016	128.49008
380	2.895	34.35345	126.21308
381	2.9	33.72803	123.97643
382	2.905	33.11369	121.77941
383	2.91	32.51024	119.62133
384	2.915	31.91748	117.50149
385	2.92	31.33522	115.41922
386	2.925	30.76328	113.37385
387	2.93	30.20148	111.36473
388	2.935	29.64964	109.39121
389	2.94	29.10757	107.45266
390	2.945	28.57511	105.54847
391	2.95	28.05209	103.67802
392	2.955	27.53833	101.84072
393	2.96	27.03368	100.03597
394	2.965	26.53797	98.26321
395	2.97	26.05105	96.52187
396	2.975	25.57275	94.81138
397	2.98	25.10293	93.13121
398	2.985	24.64144	91.48081
399	2.99	24.18813	89.85965
400	2.995	23.74284	88.26723
401	3	23.30545	86.70303
402	3.005	22.87581	85.16654
403	3.01	22.45379	83.65729
404	3.015	22.03924	82.17478
405	3.02	21.63204	80.71854
406	3.025	21.23205	79.28811
407	3.03	20.83916	77.88302
408	3.035	20.45322	76.50284
409	3.04	20.07413	75.14712
410	3.045	19.70175	73.81542
411	3.05	19.33598	72.50732
412	3.055	18.97668	71.2224
413	3.06	18.62375	69.96025
414	3.065	18.27708	68.72047
415	3.07	17.93655	67.50266
416	3.075	17.60205	66.30643
417	3.08	17.27348	65.1314
418	3.085	16.95074	63.97719
419	3.09	16.63371	62.84343
420	3.095	16.3223	61.72977
421	3.1	16.01641	60.63584
422	3.105	15.71594	59.5613
423	3.11	15.4208	58.5058
424	3.115	15.13089	57.46901
425	3.12	14.84611	56.45058
426	3.125	14.56638	55.45021
427	3.13	14.29161	54.46756
428	3.135	14.02171	53.50233
429	3.14	13.75658	52.55421
430	3.145	13.49616	51.62288
431	3.15	13.24036	50.70806
432	3.155	12.98908	49.80945
433	3.16	12.74226	48.92676
434	3.165	12.49981	48.05972
435	3.17	12.26166	47.20805
436	3.175	12.02773	46.37146
437	3.18	11.79795	45.5497
438	3.185	11.57224	44.7425
439	3.19	11.35052	43.94961
440	3.195	11.13274	43.17077
441	3.2	10.91882	42.40573
442	3.205	10.70868	41.65425
443	3.21	10.50227	40.91609
444	3.215	10.29952	40.191
445	3.22	10.10036	39.47877
446	3.225	9.90474	38.77916
447	3.23	9.71257	38.09194
448	3.235	9.52382	37.41691
449	3.24	9.3384	36.75383
450	3.245	9.15628	36.10251
451	3.25	8.97738	35.46273
452	3.255	8.80165	34.83428
453	3.26	8.62904	34.21698
454	3.265	8.45948	33.61061
455	3.27	8.29293	33.01499
456	3.275	8.12933	32.42992
457	3.28	7.96863	31.85523
458	3.285	7.81078	31.29071
459	3.29	7.65572	30.7362
460	3.295	7.50342	30.19152
461	3.3	7.35381	29.65649
462	3.305	7.20685	29.13094
463	3.31	7.0625	28.6147
464	3.315	6.9207	28.10761
465	3.32	6.78142	27.60951
466	3.325	6.64461	27.12024
467	3.33	6.51022	26.63963
468	3.335	6.37821	26.16755
469	3.34	6.24854	25.70383
470	3.345	6.12117	25.24832
471	3.35	5.99606	24.80089
472	3.355	5.87317	24.36139
473	3.36	5.75245	23.92968
474	3.365	5.63387	23.50561
475	3.37	5.51739	23.08906
476	3.375	5.40298	22.6799
477	3.38	5.29059	22.27798
478	3.385	5.1802	21.88319
479	3.39	5.07176	21.49539
480	3.395	4.96524	21.11447
481	3.4	4.86062	20.74029
482	3.405	4.75784	20.37275
483	3.41	4.65689	20.01172
484	3.415	4.55772	19.65709
485	3.42	4.46032	19.30874
486	3.425	4.36464	18.96656
487	3.43	4.27065	18.63045
488	3.435	4.17833	18.3003
489	3.44	4.08765	17.97599
490	3.445	3.99857	17.65744
491	3.45	3.91107	17.34453
492	3.455	3.82513	17.03716
493	3.46	3.7407	16.73524
494	3.465	3.65778	16.43867
495	3.47	3.57632	16.14736
496	3.475	3.4963	15.86121
497	3.48	3.4177	15.58013
498	3.485	3.3405	15.30403
499	3.49	3.26466	15.03282
500	3.495	3.19017	14.76642
501	3.5	3.117	14.50474
502	3.505	3.04512	14.2477
503	3.51	2.97452	13.99521
504	3.515	2.90517	13.7472
505	3.52	2.83705	13.50358
506	3.525	2.77014	13.26428
507	3.53	2.70441	13.02922
508	3.535	2.63984	12.79833
509	3.54	2.57642	12.57153
510	3.545	2.51413	12.34875
511	3.55	2.45294	12.12991
512	3.555	2.39283	11.91495
513	3.56	2.33379	11.70381
514	3.565	2.27579	11.4964
515	3.57	2.21882	11.29267
516	3.575	2.16287	11.09255
517	3.58	2.1079	10.89598
518	3.585	2.05391	10.70289
519	3.59	2.00087	10.51322
520	3.595	1.94877	10.32691
521	3.6	1.8976	10.1439
522	3.605	1.84733	9.96414
523	3.61	1.79796	9.78757
524	3.615	1.74946	9.61412
525	3.62	1.70182	9.44374
526	3.625	1.65502	9.27639
527	3.63	1.60905	9.112
528	3.635	1.5639	8.95052
529	3.64	1.51955	8.79191
530	3.645	1.47598	8.63611
531	3.65	1.43319	8.48306
532	3.655	1.39115	8.33273
533	3.66	1.34986	8.18507
534	3.665	1.3093	8.04002
535	3.67	1.26946	7.89754
536	3.675	1.23033	7.75758
537	3.68	1.19188	7.62011
538	3.685	1.15412	7.48507
539	3.69	1.11703	7.35243
540	3.695	1.0806	7.22213
541	3.7	1.04481	7.09415
542	3.705	1.00966	6.96843
543	3.71	0.97513	6.84494
544	3.715	0.94121	6.72364
545	3.72	0.90789	6.60449
546	3.725	0.87516	6.48745
547	3.73	0.84302	6.37249
548	3.735	0.81144	6.25956
549	3.74	0.78042	6.14863
550	3.745	0.74995	6.03967
551	3.75	0.72002	5.93264
552	3.755	0.69063	5.82748
553	3.76	0.66175	5.72416
554	3.765	0.63339	5.62261
555	3.77	0.60552	5.52282
556	3.775	0.57816	5.42475
557	3.78	0.55128	5.32839
558	3.785	0.52487	5.2337
559	3.79	0.49894	5.14069
560	3.795	0.47347	5.04934
561	3.8	0.44845	4.95962
562	3.805	0.42387	4.87153
563	3.81	0.39973	4.78504
564	3.815	0.37602	4.70014
565	3.82	0.35273	4.61682
566	3.825	0.32985	4.53504
567	3.83	0.30738	4.45479
568	3.835	0.2853	4.37603
569	3.84	0.26362	4.29875
570	3.845	0.24232	4.22292
571	3.85	0.22139	4.14849
572	3.855	0.20083	4.07545
573	3.86	0.18063	4.00377
574	3.865	0.16079	3.9334
575	3.87	0.1413	3.86432
576	3.875	0.12215	3.7965
577	3.88	0.10334	3.7299
578	3.885	0.08485	3.66449
579	3.89	0.06669	3.60024
580	3.895	0.04885	3.53711
581	3.9	0.03132	3.47509
582	3.905	0.0141	3.41413
583	3.91	-0.00282	3.35421
584	3.915	-0.01944	3.2953
585	3.92	-0.03577	3.23738
586	3.925	-0.05182	3.18042
587	3.93	-0.06758	3.1244
588	3.935	-0.08306	3.0693
589	3.94	-0.09827	3.01509
590	3.945	-0.11321	2.96176
591	3.95	-0.12789	2.90929
592	3.955	-0.14231	2.85765
593	3.96	-0.15647	2.80685
594	3.965	-0.17037	2.75686
595	3.97	-0.18403	2.70766
596	3.975	-0.19745	2.65925
597	3.98	-0.21063	2.61162
598	3.985	-0.22357	2.56476
599	3.99	-0.23627	2.51865
600	3.995	-0.24875	2.47329
601	4	-0.26101	2.42867
602	4.005	-0.27304	2.38478
603	4.01	-0.28486	2.34162
604	4.015	-0.29646	2.29918
605	4.02	-0.30785	2.25746
606	4.025	-0.31903	2.21644
607	4.03	-0.33001	2.17613
608	4.035	-0.34079	2.13652
609	4.04	-0.35138	2.0976
610	4.045	-0.36177	2.05937
611	4.05	-0.37197	2.02182
612	4.055	-0.38199	1.98495
613	4.06	-0.39182	1.94876
614	4.065	-0.40147	1.91323
615	4.07	-0.41095	1.87836
616	4.075	-0.42026	1.84415
617	4.08	-0.42939	1.81059
618	4.085	-0.43836	1.77768
619	4.09	-0.44717	1.7454
620	4.095	-0.45582	1.71375
621	4.1	-0.46431	1.68273
622	4.105	-0.47265	1.65231
623	4.11	-0.48083	1.62251
624	4.115	-0.48887	1.59329
625	4.12	-0.49676	1.56465
626	4.125	-0.50452	1.53658
627	4.13	-0.51213	1.50907
628	4.135	-0.51961	1.48211
629	4.14	-0.52695	1.45569
630	4.145	-0.53416	1.4298
631	4.15	-0.54125	1.40443
632	4.155	-0.54821	1.37958
633	4.16	-0.55505	1.35522
634	4.165	-0.56176	1.33136
635	4.17	-0.56836	1.30799
636	4.175	-0.57484	1.28509
637	4.18	-0.58121	1.26267
638	4.185	-0.58747	1.2407
639	4.19	-0.59362	1.21919
640	4.195	-0.59966	1.19813
641	4.2	-0.6056	1.17751
642	4.205	-0.61143	1.15732
643	4.21	-0.61717	1.13756
644	4.215	-0.62281	1.11822
645	4.22	-0.62835	1.09928
646	4.225	-0.6338	1.08076
647	4.23	-0.63916	1.06263
648	4.235	-0.64443	1.04489
649	4.24	-0.64961	1.02754
650	4.245	-0.6547	1.01056
651	4.25	-0.65972	0.99395
652	4.255	-0.66464	0.97771
653	4.26	-0.66949	0.96181
654	4.265	-0.67426	0.94626
655	4.27	-0.67896	0.93105
656	4.275	-0.68357	0.91617
657	4.28	-0.68812	0.9016
658	4.285	-0.69259	0.88734
659	4.29	-0.69699	0.87338
660	4.295	-0.70132	0.8597
661	4.3	-0.70559	0.84631
662	4.305	-0.70979	0.83317
663	4.31	-0.71392	0.82029
664	4.315	-0.71799	0.80765
665	4.32	-0.722	0.79523
666	4.325	-0.72594	0.78302
667	4.33	-0.72983	0.77101
668	4.335	-0.73365	0.75919
669	4.34	-0.73742	0.74753
670	4.345	-0.74113	0.73602
671	4.35	-0.74478	0.72465
672	4.355	-0.74837	0.7134
673	4.36	-0.75191	0.70225
674	4.365	-0.7554	0.69119
675	4.37	-0.75882	0.68021
676	4.375	-0.7622	0.66928
677	4.38	-0.76552	0.65839
678	4.385	-0.76878	0.64754
679	4.39	-0.77199	0.6367
680	4.395	-0.77515	0.6195
681	4.4	-0.77819	0.6101
682	4.405	-0.78125	0.60667
683	4.41	-0.78425	0.59513
684	4.415	-0.7872	0.58368
685	4.42	-0.79009	0.57232
686	4.425	-0.79292	0.56105
687	4.43	-0.7957	0.54988
688	4.435	-0.79842	0.53879
689	4.44	-0.80109	0.5278
690	4.445	-0.8037	0.5169
691	4.45	-0.80626	0.50609
692	4.455	-0.80876	0.49537
693	4.46	-0.81121	0.48474
694	4.465	-0.81361	0.4742
695	4.47	-0.81595	0.46375
696	4.475	-0.81825	0.4534
697	4.48	-0.82049	0.44313
698	4.485	-0.82268	0.43295
699	4.49	-0.82482	0.42287
700	4.495	-0.82691	0.41287
701	4.5	-0.82895	0.40296
702	4.505	-0.83094	0.39315
703	4.51	-0.83288	0.38342
704	4.515	-0.83477	0.37378
705	4.52	-0.83661	0.36423
706	4.525	-0.83841	0.35478
707	4.53	-0.84016	0.34541
708	4.535	-0.84187	0.33613
709	4.54	-0.84352	0.32693
710	4.545	-0.84514	0.31783
711	4.55	-0.8467	0.30882
712	4.555	-0.84822	0.29989
713	4.56	-0.8497	0.29105
714	4.565	-0.85113	0.2823
715	4.57	-0.85252	0.27364
716	4.575	-0.85387	0.26507
717	4.58	-0.85517	0.25659
718	4.585	-0.85644	0.24819
719	4.59	-0.85766	0.23989
720	4.595	-0.85884	0.23167
721	4.6	-0.85997	0.22353
722	4.605	-0.86107	0.21549
723	4.61	-0.86213	0.20753
724	4.615	-0.86315	0.19966
725	4.62	-0.86413	0.19188
726	4.625	-0.86507	0.18419
727	4.63	-0.86597	0.17658
728	4.635	-0.86683	0.16906
729	4.64	-0.86766	0.16163
730	4.645	-0.86845	0.15429
731	4.65	-0.8692	0.14703
732	4.655	-0.86992	0.13986
733	4.66	-0.8706	0.13278
734	4.665	-0.87125	0.12578
735	4.67	-0.87186	0.11887
736	4.675	-0.87243	0.11205
737	4.68	-0.87298	0.10531
738	4.685	-0.87349	0.09866
739	4.69	-0.87396	0.0921
740	4.695	-0.87441	0.08562
741	4.7	-0.87482	0.07923
742	4.705	-0.8752	0.07293
743	4.71	-0.87555	0.06671
744	4.715	-0.87587	0.06058
745	4.72	-0.87616	0.05454
746	4.725	-0.87641	0.04858
747	4.73	-0.87664	0.04271
748	4.735	-0.87684	0.03693
749	4.74	-0.87701	0.03123
750	4.745	-0.87715	0.02562
751	4.75	-0.87727	0.0201
752	4.755	-0.87735	0.01466
753	4.76	-0.87741	0.00931
754	4.765	-0.87745	0.00405
755	4.77	-0.87745	-0.00113
756	4.775	-0.87744	-0.00622
757	4.78	-0.87739	-0.01122
758	4.785	-0.87732	-0.01614
759	4.79	-0.87723	-0.02096
760	4.795	-0.87711	-0.02571
761	4.8	-0.87697	-0.03036
762	4.805	-0.87681	-0.03493
763	4.81	-0.87662	-0.03941
764	4.815	-0.87642	-0.0438
765	4.82	-0.87619	-0.0481
766	4.825	-0.87593	-0.05232
767	4.83	-0.87566	-0.05644
768	4.835	-0.87537	-0.06048
769	4.84	-0.87506	-0.06443
770	4.845	-0.87473	-0.0683
771	4.85	-0.87437	-0.07207
772	4.855	-0.87401	-0.07576
773	4.86	-0.87362	-0.07935
774	4.865	-0.87321	-0.08286
775	4.87	-0.87279	-0.08627
776	4.875	-0.87235	-0.0896
777	4.88	-0.87189	-0.09283
778	4.885	-0.87142	-0.09598
779	4.89	-0.87093	-0.09903
780	4.895	-0.87043	-0.10199
781	4.9	-0.86991	-0.10486
782	4.905	-0.86938	-0.10764
783	4.91	-0.86884	-0.11032
784	4.915	-0.86828	-0.11292
785	4.92	-0.86771	-0.11541
786	4.925	-0.86712	-0.11782
787	4.93	-0.86653	-0.12013
788	4.935	-0.86592	-0.12234
789	4.94	-0.86531	-0.12446
790	4.945	-0.86468	-0.12648
791	4.95	-0.86404	-0.12841
792	4.955	-0.86339	-0.13024
793	4.96	-0.86274	-0.13197
794	4.965	-0.86207	-0.1336
795	4.97	-0.8614	-0.13513
796	4.975	-0.86072	-0.13656
797	4.98	-0.86004	-0.13789
798	4.985	-0.85934	-0.13912
799	4.99	-0.85865	-0.14024
800	4.995	-0.85794	-0.14126
801	5	-0.85723	-0.14218
802	5.005	-0.85652	-0.14299
803	5.01	-0.8558	-0.14369
804	5.015	-0.85508	-0.14429
805	5.02	-0.85436	-0.14478
806	5.025	-0.85364	-0.14516
807	5.03	-0.85291	-0.14542
808	5.035	-0.85218	-0.14558
809	5.04	-0.85145	-0.14562
810	5.045	-0.85073	-0.14555
811	5.05	-0.85	-0.14536
812	5.055	-0.84927	-0.14506
813	5.06	-0.84855	-0.14464
814	5.065	-0.84783	-0.14411
815	5.07	-0.84711	-0.14345
816	5.075	-0.84639	-0.14268
817	5.08	-0.84568	-0.14178
818	5.085	-0.84497	-0.14077
819	5.09	-0.84427	-0.13964
820	5.095	-0.84358	-0.13838
821	5.1	-0.84289	-0.137
822	5.105	-0.84221	-0.13551
823	5.11	-0.84153	-0.1339
824	5.115	-0.84087	-0.13217
825	5.12	-0.84021	-0.13033
826	5.125	-0.83956	-0.12838
827	5.13	-0.83893	-0.12632
828	5.135	-0.8383	-0.12416
829	5.14	-0.83769	-0.12191
830	5.145	-0.83708	-0.11956
831	5.15	-0.83649	-0.11713
832	5.155	-0.83591	-0.11463
833	5.16	-0.83534	-0.11207
834	5.165	-0.83479	-0.10945
835	5.17	-0.83425	-0.10678
836	5.175	-0.83372	-0.10407
837	5.18	-0.83321	-0.10134
838	5.185	-0.83271	-0.09859
839	5.19	-0.83222	-0.09584
840	5.195	-0.83175	-0.09311
841	5.2	-0.83129	-0.0904
842	5.205	-0.83085	-0.08769
843	5.21	-0.83041	-0.08497
844	5.215	-0.83	-0.08226
845	5.22	-0.82959	-0.07954
846	5.225	-0.8292	-0.07683
847	5.23	-0.82882	-0.07413
848	5.235	-0.82846	-0.07142
849	5.24	-0.82811	-0.06872
850	5.245	-0.82777	-0.06603
851	5.25	-0.82745	-0.06335
852	5.255	-0.82714	-0.06068
853	5.26	-0.82684	-0.05802
854	5.265	-0.82656	-0.05537
855	5.27	-0.82629	-0.05273
856	5.275	-0.82603	-0.05011
857	5.28	-0.82579	-0.0475
858	5.285	-0.82556	-0.04491
859	5.29	-0.82534	-0.04234
860	5.295	-0.82513	-0.03979
861	5.3	-0.82494	-0.03726
862	5.305	-0.82476	-0.03475
863	5.31	-0.82459	-0.03226
864	5.315	-0.82444	-0.0298
865	5.32	-0.82429	-0.02736
866	5.325	-0.82416	-0.02494
867	5.33	-0.82405	-0.02255
868	5.335	-0.82394	-0.02018
869	5.34	-0.82384	-0.01784
870	5.345	-0.82376	-0.01553
871	5.35	-0.82369	-0.01324
872	5.355	-0.82363	-0.01099
873	5.36	-0.82358	-0.00876
874	5.365	-0.82354	-0.00657
875	5.37	-0.82351	-0.0044
876	5.375	-0.8235	-0.00226
877	5.38	-0.82349	-1.5953E-4
878	5.385	-0.82349	0.00191
879	5.39	-0.82351	0.00395
880	5.395	-0.82353	0.00596
881	5.4	-0.82357	0.00793
882	5.405	-0.82361	0.00986
883	5.41	-0.82367	0.01176
884	5.415	-0.82373	0.01362
885	5.42	-0.8238	0.01544
886	5.425	-0.82389	0.01722
887	5.43	-0.82398	0.01896
888	5.435	-0.82408	0.02066
889	5.44	-0.82418	0.02232
890	5.445	-0.8243	0.02392
891	5.45	-0.82442	0.02548
892	5.455	-0.82455	0.02699
893	5.46	-0.82469	0.02845
894	5.465	-0.82484	0.02986
895	5.47	-0.82499	0.03121
896	5.475	-0.82515	0.03251
897	5.48	-0.82532	0.03375
898	5.485	-0.82549	0.03494
899	5.49	-0.82566	0.03607
900	5.495	-0.82585	0.03714
901	5.5	-0.82604	0.03815
902	5.505	-0.82623	0.0391
903	5.51	-0.82643	0.04
904	5.515	-0.82663	0.04083
905	5.52	-0.82684	0.0416
906	5.525	-0.82705	0.04231
907	5.53	-0.82726	0.04295
908	5.535	-0.82747	0.04354
909	5.54	-0.82769	0.04407
910	5.545	-0.82792	0.04453
911	5.55	-0.82814	0.04494
912	5.555	-0.82836	0.04528
913	5.56	-0.82859	0.04556
914	5.565	-0.82882	0.04578
915	5.57	-0.82905	0.04593
916	5.575	-0.82928	0.04602
917	5.58	-0.82951	0.04605
918	5.585	-0.82974	0.04602
919	5.59	-0.82997	0.04592
920	5.595	-0.8302	0.04576
921	5.6	-0.83043	0.04553
922	5.605	-0.83065	0.04525
923	5.61	-0.83088	0.04489
924	5.615	-0.8311	0.04448
925	5.62	-0.83133	0.044
926	5.625	-0.83154	0.04346
927	5.63	-0.83176	0.04286
928	5.635	-0.83197	0.0422
929	5.64	-0.83218	0.04148
930	5.645	-0.83239	0.0407
931	5.65	-0.83259	0.03986
932	5.655	-0.83279	0.03896
933	5.66	-0.83298	0.03801
934	5.665	-0.83317	0.037
935	5.67	-0.83335	0.03593
936	5.675	-0.83353	0.03481
937	5.68	-0.8337	0.03364
938	5.685	-0.83386	0.03241
939	5.69	-0.83402	0.03113
940	5.695	-0.83417	0.0298
941	5.7	-0.83432	0.02842
942	5.705	-0.83446	0.02699
943	5.71	-0.83459	0.02551
944	5.715	-0.83471	0.02399
945	5.72	-0.83483	0.02241
946	5.725	-0.83494	0.02079
947	5.73	-0.83504	0.01913
948	5.735	-0.83513	0.01742
949	5.74	-0.83521	0.01567
950	5.745	-0.83528	0.01387
951	5.75	-0.83535	0.01204
952	5.755	-0.8354	0.01016
953	5.76	-0.83545	0.00824
954	5.765	-0.83549	0.00629
955	5.77	-0.83551	0.00429
956	5.775	-0.83553	0.00226
957	5.78	-0.83554	2.00244E-4
958	5.785	-0.83553	-0.0019
959	5.79	-0.83552	-0.00403
960	5.795	-0.83549	-0.00619
961	5.8	-0.83546	-0.00839
962	5.805	-0.83541	-0.01061
963	5.81	-0.83535	-0.01286
964	5.815	-0.83528	-0.01514
965	5.82	-0.8352	-0.01744
966	5.825	-0.8351	-0.01977
967	5.83	-0.835	-0.02213
968	5.835	-0.83488	-0.0245
969	5.84	-0.83476	-0.0269
970	5.845	-0.83461	-0.02932
971	5.85	-0.83446	-0.03175
972	5.855	-0.8343	-0.03421
973	5.86	-0.83412	-0.03668
974	5.865	-0.83393	-0.03918
975	5.87	-0.83373	-0.04168
976	5.875	-0.83351	-0.0442
977	5.88	-0.83329	-0.04674
978	5.885	-0.83305	-0.04929
979	5.89	-0.83279	-0.05185
980	5.895	-0.83253	-0.05443
981	5.9	-0.83225	-0.05701
982	5.905	-0.83196	-0.05961
983	5.91	-0.83165	-0.06222
984	5.915	-0.83134	-0.06483
985	5.92	-0.831	-0.06746
986	5.925	-0.83066	-0.07009
987	5.93	-0.8303	-0.07273
988	5.935	-0.82993	-0.07537
989	5.94	-0.82955	-0.07802
990	5.945	-0.82915	-0.08067
991	5.95	-0.82874	-0.08333
992	5.955	-0.82832	-0.08599
993	5.96	-0.82788	-0.08865
994	5.965	-0.82743	-0.09131
995	5.97	-0.82697	-0.09397
996	5.975	-0.82649	-0.09663
997	5.98	-0.826	-0.09929
998	5.985	-0.8255	-0.10195
999	5.99	-0.82498	-0.1046
1000	5.995	-0.82445	-0.10725
1001	6	-0.82391	-0.10989
1002	6.005	-0.82336	-0.11252
1003	6.01	-0.82279	-0.11515
1004	6.015	-0.8222	-0.11777
1005	6.02	-0.82161	-0.12038
1006	6.025	-0.821	-0.12298
1007	6.03	-0.82038	-0.12557
1008	6.035	-0.81974	-0.12814
1009	6.04	-0.8191	-0.1307
1010	6.045	-0.81844	-0.13325
1011	6.05	-0.81777	-0.13579
1012	6.055	-0.81708	-0.13831
1013	6.06	-0.81638	-0.14081
1014	6.065	-0.81567	-0.1433
1015	6.07	-0.81495	-0.14577
1016	6.075	-0.81421	-0.14822
1017	6.08	-0.81347	-0.15066
1018	6.085	-0.81271	-0.15307
1019	6.09	-0.81194	-0.15546
1020	6.095	-0.81115	-0.15783
1021	6.1	-0.81036	-0.16017
1022	6.105	-0.80955	-0.16249
1023	6.11	-0.80873	-0.16479
1024	6.115	-0.8079	-0.16707
1025	6.12	-0.80706	-0.16931
1026	6.125	-0.80621	-0.17153
1027	6.13	-0.80535	-0.17373
1028	6.135	-0.80447	-0.17589
1029	6.14	-0.80359	-0.17803
1030	6.145	-0.80269	-0.18013
1031	6.15	-0.80179	-0.18221
1032	6.155	-0.80087	-0.18425
1033	6.16	-0.79994	-0.18626
1034	6.165	-0.79901	-0.18824
1035	6.17	-0.79806	-0.19018
1036	6.175	-0.79711	-0.1921
1037	6.18	-0.79614	-0.19397
1038	6.185	-0.79517	-0.19581
1039	6.19	-0.79418	-0.19762
1040	6.195	-0.79319	-0.19939
1041	6.2	-0.79219	-0.20112
1042	6.205	-0.79118	-0.20282
1043	6.21	-0.79016	-0.20448
1044	6.215	-0.78913	-0.2061
1045	6.22	-0.7881	-0.20768
1046	6.225	-0.78706	-0.20923
1047	6.23	-0.78601	-0.21073
1048	6.235	-0.78495	-0.2122
1049	6.24	-0.78389	-0.21363
1050	6.245	-0.78281	-0.21502
1051	6.25	-0.78174	-0.21638
1052	6.255	-0.78065	-0.21769
1053	6.26	-0.77956	-0.21897
1054	6.265	-0.77846	-0.22021
1055	6.27	-0.77736	-0.2214
1056	6.275	-0.77625	-0.22257
1057	6.28	-0.77513	-0.22369
1058	6.285	-0.77401	-0.22477
1059	6.29	-0.77288	-0.22582
1060	6.295	-0.77175	-0.22683
1061	6.3	-0.77061	-0.2278
1062	6.305	-0.76947	-0.22873
1063	6.31	-0.76833	-0.22963
1064	6.315	-0.76718	-0.23049
1065	6.32	-0.76602	-0.23131
1066	6.325	-0.76486	-0.2321
1067	6.33	-0.7637	-0.23285
1068	6.335	-0.76254	-0.23356
1069	6.34	-0.76137	-0.23424
1070	6.345	-0.76019	-0.23489
1071	6.35	-0.75902	-0.23549
1072	6.355	-0.75784	-0.23607
1073	6.36	-0.75666	-0.23661
1074	6.365	-0.75547	-0.23711
1075	6.37	-0.75429	-0.23758
1076	6.375	-0.7531	-0.23802
1077	6.38	-0.7519	-0.23843
1078	6.385	-0.75071	-0.2388
1079	6.39	-0.74952	-0.23914
1080	6.395	-0.74832	-0.23945
1081	6.4	-0.74712	-0.23973
1082	6.405	-0.74592	-0.23998
1083	6.41	-0.74472	-0.24019
1084	6.415	-0.74352	-0.24038
1085	6.42	-0.74232	-0.24054
1086	6.425	-0.74112	-0.24068
1087	6.43	-0.73991	-0.24078
1088	6.435	-0.73871	-0.24086
1089	6.44	-0.7375	-0.24091
1090	6.445	-0.7363	-0.24094
1091	6.45	-0.73509	-0.24095
1092	6.455	-0.73389	-0.24093
1093	6.46	-0.73268	-0.24089
1094	6.465	-0.73148	-0.24083
1095	6.47	-0.73028	-0.24075
1096	6.475	-0.72907	-0.24066
1097	6.48	-0.72787	-0.24054
1098	6.485	-0.72667	-0.2404
1099	6.49	-0.72547	-0.24025
1100	6.495	-0.72426	-0.24008
1101	6.5	-0.72306	-0.2399
1102	6.505	-0.72187	-0.2397
1103	6.51	-0.72067	-0.23949
1104	6.515	-0.71947	-0.23926
1105	6.52	-0.71828	-0.23902
1106	6.525	-0.71708	-0.23877
1107	6.53	-0.71589	-0.23851
1108	6.535	-0.7147	-0.23824
1109	6.54	-0.71351	-0.23796
1110	6.545	-0.71232	-0.23766
1111	6.55	-0.71113	-0.23736
1112	6.555	-0.70994	-0.23705
1113	6.56	-0.70876	-0.23673
1114	6.565	-0.70758	-0.23641
1115	6.57	-0.70639	-0.23608
1116	6.575	-0.70521	-0.23574
1117	6.58	-0.70404	-0.2354
1118	6.585	-0.70286	-0.23506
1119	6.59	-0.70169	-0.23471
1120	6.595	-0.70051	-0.23436
1121	6.6	-0.69934	-0.23401
1122	6.605	-0.69817	-0.23366
1123	6.61	-0.69701	-0.23331
1124	6.615	-0.69584	-0.23296
1125	6.62	-0.69468	-0.23261
1126	6.625	-0.69351	-0.23227
1127	6.63	-0.69235	-0.23192
1128	6.635	-0.69119	-0.23158
1129	6.64	-0.69004	-0.23124
1130	6.645	-0.68888	-0.2309
1131	6.65	-0.68773	-0.23057
1132	6.655	-0.68658	-0.23024
1133	6.66	-0.68543	-0.22991
1134	6.665	-0.68428	-0.2296
1135	6.67	-0.68313	-0.22928
1136	6.675	-0.68198	-0.22898
1137	6.68	-0.68084	-0.22868
1138	6.685	-0.6797	-0.22839
1139	6.69	-0.67856	-0.2281
1140	6.695	-0.67742	-0.22782
1141	6.7	-0.67628	-0.22755
1142	6.705	-0.67514	-0.22729
1143	6.71	-0.67401	-0.22704
1144	6.715	-0.67287	-0.2268
1145	6.72	-0.67174	-0.22657
1146	6.725	-0.67061	-0.22634
1147	6.73	-0.66947	-0.22613
1148	6.735	-0.66834	-0.22593
1149	6.74	-0.66721	-0.22573
1150	6.745	-0.66609	-0.22555
1151	6.75	-0.66496	-0.22537
1152	6.755	-0.66383	-0.22521
1153	6.76	-0.66271	-0.22506
1154	6.765	-0.66158	-0.22492
1155	6.77	-0.66046	-0.22479
1156	6.775	-0.65933	-0.22467
1157	6.78	-0.65821	-0.22456
1158	6.785	-0.65709	-0.22446
1159	6.79	-0.65597	-0.22438
1160	6.795	-0.65484	-0.2243
1161	6.8	-0.65372	-0.22424
1162	6.805	-0.6526	-0.22419
1163	6.81	-0.65148	-0.22415
1164	6.815	-0.65036	-0.22412
1165	6.82	-0.64924	-0.2241
1166	6.825	-0.64812	-0.2241
1167	6.83	-0.647	-0.2241
1168	6.835	-0.64588	-0.22412
1169	6.84	-0.64476	-0.22414
1170	6.845	-0.64364	-0.22418
1171	6.85	-0.64252	-0.22423
1172	6.855	-0.6414	-0.22429
1173	6.86	-0.64027	-0.22436
1174	6.865	-0.63915	-0.22444
1175	6.87	-0.63803	-0.22453
1176	6.875	-0.63691	-0.22464
1177	6.88	-0.63578	-0.22475
1178	6.885	-0.63466	-0.22487
1179	6.89	-0.63353	-0.225
1180	6.895	-0.63241	-0.22515
1181	6.9	-0.63128	-0.2253
1182	6.905	-0.63016	-0.22546
1183	6.91	-0.62903	-0.22563
1184	6.915	-0.6279	-0.22581
1185	6.92	-0.62677	-0.22599
1186	6.925	-0.62564	-0.22619
1187	6.93	-0.62451	-0.22639
1188	6.935	-0.62338	-0.2266
1189	6.94	-0.62224	-0.22682
1190	6.945	-0.62111	-0.22704
1191	6.95	-0.61997	-0.22727
1192	6.955	-0.61883	-0.2275
1193	6.96	-0.6177	-0.22774
1194	6.965	-0.61656	-0.22799
1195	6.97	-0.61542	-0.22823
1196	6.975	-0.61428	-0.22848
1197	6.98	-0.61313	-0.22874
1198	6.985	-0.61199	-0.229
1199	6.99	-0.61084	-0.22925
1200	6.995	-0.6097	-0.22952
1201	7	-0.60855	-0.22978
1202	7.005	-0.6074	-0.23004
1203	7.01	-0.60625	-0.23031
1204	7.015	-0.60509	-0.23058
1205	7.02	-0.60394	-0.23085
1206	7.025	-0.60279	-0.23112
1207	7.03	-0.60163	-0.23139
1208	7.035	-0.60047	-0.23166
1209	7.04	-0.59931	-0.23193
1210	7.045	-0.59815	-0.2322
1211	7.05	-0.59699	-0.23247
1212	7.055	-0.59583	-0.23274
1213	7.06	-0.59466	-0.23302
1214	7.065	-0.5935	-0.23329
1215	7.07	-0.59233	-0.23356
1216	7.075	-0.59116	-0.23383
1217	7.08	-0.58999	-0.23411
1218	7.085	-0.58882	-0.23438
1219	7.09	-0.58765	-0.23465
1220	7.095	-0.58647	-0.23492
1221	7.1	-0.5853	-0.23519
1222	7.105	-0.58412	-0.23545
1223	7.11	-0.58294	-0.23572
1224	7.115	-0.58177	-0.23599
1225	7.12	-0.58059	-0.23625
1226	7.125	-0.5794	-0.23651
1227	7.13	-0.57822	-0.23677
1228	7.135	-0.57704	-0.23703
1229	7.14	-0.57585	-0.23729
1230	7.145	-0.57466	-0.23754
1231	7.15	-0.57347	-0.2378
1232	7.155	-0.57228	-0.23805
1233	7.16	-0.57109	-0.2383
1234	7.165	-0.5699	-0.23855
1235	7.17	-0.56871	-0.2388
1236	7.175	-0.56751	-0.23904
1237	7.18	-0.56632	-0.23929
1238	7.185	-0.56512	-0.23953
1239	7.19	-0.56392	-0.23977
1240	7.195	-0.56272	-0.24001
1241	7.2	-0.56152	-0.24025
1242	7.205	-0.56032	-0.24048
1243	7.21	-0.55912	-0.24072
1244	7.215	-0.55791	-0.24095
1245	7.22	-0.55671	-0.24117
1246	7.225	-0.5555	-0.2414
1247	7.23	-0.55429	-0.24162
1248	7.235	-0.55309	-0.24184
1249	7.24	-0.55188	-0.24206
1250	7.245	-0.55066	-0.24227
1251	7.25	-0.54945	-0.24247
1252	7.255	-0.54824	-0.24268
1253	7.26	-0.54703	-0.24288
1254	7.265	-0.54581	-0.24307
1255	7.27	-0.5446	-0.24326
1256	7.275	-0.54338	-0.24345
1257	7.28	-0.54216	-0.24363
1258	7.285	-0.54094	-0.24381
1259	7.29	-0.53972	-0.24398
1260	7.295	-0.5385	-0.24415
1261	7.3	-0.53728	-0.24432
1262	7.305	-0.53606	-0.24448
1263	7.31	-0.53484	-0.24464
1264	7.315	-0.53361	-0.24479
1265	7.32	-0.53239	-0.24494
1266	7.325	-0.53116	-0.24508
1267	7.33	-0.52994	-0.24522
1268	7.335	-0.52871	-0.24535
1269	7.34	-0.52748	-0.24547
1270	7.345	-0.52626	-0.2456
1271	7.35	-0.52503	-0.24571
1272	7.355	-0.5238	-0.24582
1273	7.36	-0.52257	-0.24592
1274	7.365	-0.52134	-0.24602
1275	7.37	-0.52011	-0.24611
1276	7.375	-0.51888	-0.2462
1277	7.38	-0.51765	-0.24627
1278	7.385	-0.51642	-0.24635
1279	7.39	-0.51518	-0.24641
1280	7.395	-0.51395	-0.24647
1281	7.4	-0.51272	-0.24652
1282	7.405	-0.51149	-0.24656
1283	7.41	-0.51025	-0.24659
1284	7.415	-0.50902	-0.24662
1285	7.42	-0.50779	-0.24664
1286	7.425	-0.50655	-0.24666
1287	7.43	-0.50532	-0.24666
1288	7.435	-0.50409	-0.24666
1289	7.44	-0.50286	-0.24665
1290	7.445	-0.50162	-0.24664
1291	7.45	-0.50039	-0.24661
1292	7.455	-0.49916	-0.24658
1293	7.46	-0.49792	-0.24654
1294	7.465	-0.49669	-0.24649
1295	7.47	-0.49546	-0.24644
1296	7.475	-0.49423	-0.24638
1297	7.48	-0.49299	-0.24631
1298	7.485	-0.49176	-0.24624
1299	7.49	-0.49053	-0.24615
1300	7.495	-0.4893	-0.24607
1301	7.5	-0.48807	-0.24597
1302	7.505	-0.48684	-0.24587
1303	7.51	-0.48561	-0.24576
1304	7.515	-0.48438	-0.24564
1305	7.52	-0.48316	-0.24552
1306	7.525	-0.48193	-0.24539
1307	7.53	-0.4807	-0.24526
1308	7.535	-0.47948	-0.24512
1309	7.54	-0.47825	-0.24497
1310	7.545	-0.47703	-0.24482
1311	7.55	-0.4758	-0.24466
1312	7.555	-0.47458	-0.24449
1313	7.56	-0.47336	-0.24432
1314	7.565	-0.47214	-0.24414
1315	7.57	-0.47092	-0.24395
1316	7.575	-0.4697	-0.24376
1317	7.58	-0.46848	-0.24356
1318	7.585	-0.46726	-0.24336
1319	7.59	-0.46605	-0.24314
1320	7.595	-0.46483	-0.24293
1321	7.6	-0.46362	-0.2427
1322	7.605	-0.4624	-0.24247
1323	7.61	-0.46119	-0.24223
1324	7.615	-0.45998	-0.24199
1325	7.62	-0.45877	-0.24174
1326	7.625	-0.45756	-0.24149
1327	7.63	-0.45636	-0.24122
1328	7.635	-0.45515	-0.24096
1329	7.64	-0.45395	-0.24068
1330	7.645	-0.45274	-0.2404
1331	7.65	-0.45154	-0.24011
1332	7.655	-0.45034	-0.23982
1333	7.66	-0.44914	-0.23952
1334	7.665	-0.44795	-0.23921
1335	7.67	-0.44675	-0.2389
1336	7.675	-0.44556	-0.23858
1337	7.68	-0.44437	-0.23826
1338	7.685	-0.44318	-0.23792
1339	7.69	-0.44199	-0.23759
1340	7.695	-0.4408	-0.23724
1341	7.7	-0.43962	-0.23689
1342	7.705	-0.43843	-0.23653
1343	7.71	-0.43725	-0.23617
1344	7.715	-0.43607	-0.2358
1345	7.72	-0.43489	-0.23542
1346	7.725	-0.43372	-0.23504
1347	7.73	-0.43254	-0.23465
1348	7.735	-0.43137	-0.23426
1349	7.74	-0.4302	-0.23386
1350	7.745	-0.42903	-0.23345
1351	7.75	-0.42786	-0.23304
1352	7.755	-0.4267	-0.23262
1353	7.76	-0.42554	-0.2322
1354	7.765	-0.42438	-0.23177
1355	7.77	-0.42322	-0.23133
1356	7.775	-0.42206	-0.23089
1357	7.78	-0.42091	-0.23044
1358	7.785	-0.41976	-0.22999
1359	7.79	-0.41861	-0.22953
1360	7.795	-0.41747	-0.22907
1361	7.8	-0.41632	-0.2286
1362	7.805	-0.41518	-0.22812
1363	7.81	-0.41404	-0.22764
1364	7.815	-0.4129	-0.22715
1365	7.82	-0.41177	-0.22666
1366	7.825	-0.41064	-0.22616
1367	7.83	-0.40951	-0.22566
1368	7.835	-0.40838	-0.22515
1369	7.84	-0.40726	-0.22463
1370	7.845	-0.40613	-0.22411
1371	7.85	-0.40501	-0.22358
1372	7.855	-0.4039	-0.22305
1373	7.86	-0.40278	-0.22251
1374	7.865	-0.40167	-0.22196
1375	7.87	-0.40056	-0.22141
1376	7.875	-0.39946	-0.22086
1377	7.88	-0.39836	-0.22029
1378	7.885	-0.39726	-0.21973
1379	7.89	-0.39616	-0.21915
1380	7.895	-0.39506	-0.21858
1381	7.9	-0.39397	-0.218
1382	7.905	-0.39288	-0.21741
1383	7.91	-0.3918	-0.21682
1384	7.915	-0.39072	-0.21623
1385	7.92	-0.38964	-0.21563
1386	7.925	-0.38856	-0.21503
1387	7.93	-0.38749	-0.21442
1388	7.935	-0.38642	-0.21381
1389	7.94	-0.38535	-0.2132
1390	7.945	-0.38428	-0.21259
1391	7.95	-0.38322	-0.21198
1392	7.955	-0.38216	-0.21136
1393	7.96	-0.38111	-0.21074
1394	7.965	-0.38006	-0.21012
1395	7.97	-0.37901	-0.20949
1396	7.975	-0.37796	-0.20887
1397	7.98	-0.37692	-0.20824
1398	7.985	-0.37588	-0.20761
1399	7.99	-0.37484	-0.20698
1400	7.995	-0.37381	-0.20636
1401	8	-0.37278	-0.20573
1402	8.005	-0.37175	-0.2051
1403	8.01	-0.37073	-0.20447
1404	8.015	-0.36971	-0.20384
1405	8.02	-0.36869	-0.20321
1406	8.025	-0.36767	-0.20258
1407	8.03	-0.36666	-0.20195
1408	8.035	-0.36566	-0.20132
1409	8.04	-0.36465	-0.20069
1410	8.045	-0.36365	-0.20007
1411	8.05	-0.36265	-0.19944
1412	8.055	-0.36165	-0.19882
1413	8.06	-0.36066	-0.1982
1414	8.065	-0.35967	-0.19758
1415	8.07	-0.35869	-0.19696
1416	8.075	-0.3577	-0.19634
1417	8.08	-0.35672	-0.19573
1418	8.085	-0.35575	-0.19511
1419	8.09	-0.35477	-0.1945
1420	8.095	-0.3538	-0.19389
1421	8.1	-0.35283	-0.19329
1422	8.105	-0.35187	-0.19268
1423	8.11	-0.35091	-0.19208
1424	8.115	-0.34995	-0.19148
1425	8.12	-0.34899	-0.19089
1426	8.125	-0.34804	-0.19029
1427	8.13	-0.34709	-0.1897
1428	8.135	-0.34614	-0.18912
1429	8.14	-0.3452	-0.18853
1430	8.145	-0.34426	-0.18795
1431	8.15	-0.34332	-0.18738
1432	8.155	-0.34238	-0.1868
1433	8.16	-0.34145	-0.18623
1434	8.165	-0.34052	-0.18566
1435	8.17	-0.33959	-0.18509
1436	8.175	-0.33867	-0.18453
1437	8.18	-0.33775	-0.18397
1438	8.185	-0.33683	-0.18341
1439	8.19	-0.33591	-0.18285
1440	8.195	-0.335	-0.18229
1441	8.2	-0.33409	-0.18173
1442	8.205	-0.33318	-0.18118
1443	8.21	-0.33228	-0.18062
1444	8.215	-0.33138	-0.18006
1445	8.22	-0.33048	-0.17951
1446	8.225	-0.32958	-0.17896
1447	8.23	-0.32869	-0.1784
1448	8.235	-0.3278	-0.17785
1449	8.24	-0.32691	-0.17729
1450	8.245	-0.32602	-0.17674
1451	8.25	-0.32514	-0.17619
1452	8.255	-0.32426	-0.17563
1453	8.26	-0.32339	-0.17508
1454	8.265	-0.32251	-0.17452
1455	8.27	-0.32164	-0.17397
1456	8.275	-0.32077	-0.17341
1457	8.28	-0.31991	-0.17286
1458	8.285	-0.31904	-0.1723
1459	8.29	-0.31818	-0.17174
1460	8.295	-0.31733	-0.17119
1461	8.3	-0.31647	-0.17063
1462	8.305	-0.31562	-0.17007
1463	8.31	-0.31477	-0.1695
1464	8.315	-0.31392	-0.16894
1465	8.32	-0.31308	-0.16837
1466	8.325	-0.31224	-0.16781
1467	8.33	-0.3114	-0.16724
1468	8.335	-0.31057	-0.16667
1469	8.34	-0.30974	-0.16609
1470	8.345	-0.30891	-0.16551
1471	8.35	-0.30808	-0.16493
1472	8.355	-0.30726	-0.16435
1473	8.36	-0.30644	-0.16376
1474	8.365	-0.30562	-0.16318
1475	8.37	-0.30481	-0.16258
1476	8.375	-0.304	-0.16199
1477	8.38	-0.30319	-0.16139
1478	8.385	-0.30238	-0.16078
1479	8.39	-0.30158	-0.16017
1480	8.395	-0.30078	-0.15956
1481	8.4	-0.29998	-0.15895
1482	8.405	-0.29919	-0.15833
1483	8.41	-0.2984	-0.1577
1484	8.415	-0.29761	-0.15708
1485	8.42	-0.29683	-0.15645
1486	8.425	-0.29605	-0.15581
1487	8.43	-0.29527	-0.15518
1488	8.435	-0.2945	-0.15453
1489	8.44	-0.29373	-0.15389
1490	8.445	-0.29296	-0.15324
1491	8.45	-0.29219	-0.1526
1492	8.455	-0.29143	-0.15194
1493	8.46	-0.29067	-0.15129
1494	8.465	-0.28992	-0.15063
1495	8.47	-0.28917	-0.14997
1496	8.475	-0.28842	-0.14931
1497	8.48	-0.28767	-0.14865
1498	8.485	-0.28693	-0.14799
1499	8.49	-0.28619	-0.14732
1500	8.495	-0.28546	-0.14665
1501	8.5	-0.28473	-0.14599
1502	8.505	-0.284	-0.14532
1503	8.51	-0.28327	-0.14465
1504	8.515	-0.28255	-0.14398
1505	8.52	-0.28183	-0.1433
1506	8.525	-0.28112	-0.14263
1507	8.53	-0.28041	-0.14196
1508	8.535	-0.2797	-0.14128
1509	8.54	-0.279	-0.1406
1510	8.545	-0.27829	-0.13993
1511	8.55	-0.2776	-0.13925
1512	8.555	-0.2769	-0.13857
1513	8.56	-0.27621	-0.1379
1514	8.565	-0.27552	-0.13722
1515	8.57	-0.27484	-0.13654
1516	8.575	-0.27416	-0.13586
1517	8.58	-0.27348	-0.13518
1518	8.585	-0.27281	-0.13449
1519	8.59	-0.27214	-0.13381
1520	8.595	-0.27147	-0.13313
1521	8.6	-0.2708	-0.13245
1522	8.605	-0.27014	-0.13177
1523	8.61	-0.26949	-0.13109
1524	8.615	-0.26883	-0.13041
1525	8.62	-0.26818	-0.12972
1526	8.625	-0.26754	-0.12904
1527	8.63	-0.26689	-0.12837
1528	8.635	-0.26625	-0.12769
1529	8.64	-0.26561	-0.12701
1530	8.645	-0.26498	-0.12633
1531	8.65	-0.26435	-0.12566
1532	8.655	-0.26372	-0.12499
1533	8.66	-0.2631	-0.12432
1534	8.665	-0.26248	-0.12365
1535	8.67	-0.26187	-0.12298
1536	8.675	-0.26125	-0.12231
1537	8.68	-0.26064	-0.12165
1538	8.685	-0.26004	-0.12099
1539	8.69	-0.25943	-0.12033
1540	8.695	-0.25883	-0.11967
1541	8.7	-0.25824	-0.11902
1542	8.705	-0.25764	-0.11837
1543	8.71	-0.25705	-0.11772
1544	8.715	-0.25646	-0.11707
1545	8.72	-0.25588	-0.11642
1546	8.725	-0.2553	-0.11578
1547	8.73	-0.25472	-0.11514
1548	8.735	-0.25415	-0.1145
1549	8.74	-0.25358	-0.11386
1550	8.745	-0.25301	-0.11323
1551	8.75	-0.25245	-0.11259
1552	8.755	-0.25188	-0.11196
1553	8.76	-0.25133	-0.11134
1554	8.765	-0.25077	-0.11071
1555	8.77	-0.25022	-0.11009
1556	8.775	-0.24967	-0.10947
1557	8.78	-0.24912	-0.10885
1558	8.785	-0.24858	-0.10823
1559	8.79	-0.24804	-0.10762
1560	8.795	-0.24751	-0.10701
1561	8.8	-0.24697	-0.1064
1562	8.805	-0.24644	-0.10579
1563	8.81	-0.24591	-0.10518
1564	8.815	-0.24539	-0.10458
1565	8.82	-0.24487	-0.10397
1566	8.825	-0.24435	-0.10337
1567	8.83	-0.24383	-0.10277
1568	8.835	-0.24332	-0.10217
1569	8.84	-0.24281	-0.10158
1570	8.845	-0.24231	-0.10098
1571	8.85	-0.2418	-0.10038
1572	8.855	-0.2413	-0.09978
1573	8.86	-0.24081	-0.09919
1574	8.865	-0.24031	-0.09859
1575	8.87	-0.23982	-0.09799
1576	8.875	-0.23933	-0.0974
1577	8.88	-0.23885	-0.0968
1578	8.885	-0.23836	-0.0962
1579	8.89	-0.23788	-0.09561
1580	8.895	-0.23741	-0.09501
1581	8.9	-0.23693	-0.09441
1582	8.905	-0.23646	-0.09381
1583	8.91	-0.236	-0.09322
1584	8.915	-0.23553	-0.09262
1585	8.92	-0.23507	-0.09202
1586	8.925	-0.23461	-0.09142
1587	8.93	-0.23415	-0.09082
1588	8.935	-0.2337	-0.09022
1589	8.94	-0.23325	-0.08962
1590	8.945	-0.23281	-0.08902
1591	8.95	-0.23236	-0.08842
1592	8.955	-0.23192	-0.08782
1593	8.96	-0.23148	-0.08722
1594	8.965	-0.23105	-0.08662
1595	8.97	-0.23062	-0.08602
1596	8.975	-0.23019	-0.08542
1597	8.98	-0.22976	-0.08482
1598	8.985	-0.22934	-0.08422
1599	8.99	-0.22892	-0.08362
1600	8.995	-0.2285	-0.08303
1601	9	-0.22809	-0.08243
1602	9.005	-0.22768	-0.08183
1603	9.01	-0.22727	-0.08123
1604	9.015	-0.22687	-0.08063
1605	9.02	-0.22647	-0.08004
1606	9.025	-0.22607	-0.07944
1607	9.03	-0.22567	-0.07885
1608	9.035	-0.22528	-0.07826
1609	9.04	-0.22489	-0.07767
1610	9.045	-0.2245	-0.07708
1611	9.05	-0.22412	-0.07649
1612	9.055	-0.22374	-0.07591
1613	9.06	-0.22336	-0.07532
1614	9.065	-0.22298	-0.07474
1615	9.07	-0.22261	-0.07416
1616	9.075	-0.22224	-0.07359
1617	9.08	-0.22188	-0.07301
1618	9.085	-0.22151	-0.07245
1619	9.09	-0.22115	-0.07188
1620	9.095	-0.22079	-0.07132
1621	9.1	-0.22044	-0.07076
1622	9.105	-0.22009	-0.0702
1623	9.11	-0.21974	-0.06965
1624	9.115	-0.21939	-0.06911
1625	9.12	-0.21905	-0.06856
1626	9.125	-0.2187	-0.06803
1627	9.13	-0.21837	-0.06749
1628	9.135	-0.21803	-0.06696
1629	9.14	-0.2177	-0.06643
1630	9.145	-0.21737	-0.06591
1631	9.15	-0.21704	-0.06539
1632	9.155	-0.21671	-0.06488
1633	9.16	-0.21639	-0.06437
1634	9.165	-0.21607	-0.06386
1635	9.17	-0.21575	-0.06336
1636	9.175	-0.21543	-0.06285
1637	9.18	-0.21512	-0.06235
1638	9.185	-0.21481	-0.06186
1639	9.19	-0.2145	-0.06136
1640	9.195	-0.2142	-0.06087
1641	9.2	-0.21389	-0.06038
1642	9.205	-0.21359	-0.05989
1643	9.21	-0.21329	-0.0594
1644	9.215	-0.213	-0.05891
1645	9.22	-0.21271	-0.05842
1646	9.225	-0.21241	-0.05794
1647	9.23	-0.21213	-0.05745
1648	9.235	-0.21184	-0.05697
1649	9.24	-0.21156	-0.05648
1650	9.245	-0.21128	-0.056
1651	9.25	-0.211	-0.05552
1652	9.255	-0.21072	-0.05504
1653	9.26	-0.21045	-0.05455
1654	9.265	-0.21017	-0.05407
1655	9.27	-0.20991	-0.05359
1656	9.275	-0.20964	-0.05311
1657	9.28	-0.20937	-0.05263
1658	9.285	-0.20911	-0.05215
1659	9.29	-0.20885	-0.05167
1660	9.295	-0.2086	-0.05119
1661	9.3	-0.20834	-0.05071
1662	9.305	-0.20809	-0.05023
1663	9.31	-0.20784	-0.04975
1664	9.315	-0.20759	-0.04927
1665	9.32	-0.20735	-0.04879
1666	9.325	-0.2071	-0.04831
1667	9.33	-0.20686	-0.04783
1668	9.335	-0.20662	-0.04736
1669	9.34	-0.20639	-0.04688
1670	9.345	-0.20616	-0.0464
1671	9.35	-0.20593	-0.04592
1672	9.355	-0.2057	-0.04544
1673	9.36	-0.20547	-0.04496
1674	9.365	-0.20525	-0.04448
1675	9.37	-0.20503	-0.04401
1676	9.375	-0.20481	-0.04353
1677	9.38	-0.20459	-0.04305
1678	9.385	-0.20438	-0.04258
1679	9.39	-0.20417	-0.0421
1680	9.395	-0.20396	-0.04163
1681	9.4	-0.20375	-0.04116
1682	9.405	-0.20354	-0.04069
1683	9.41	-0.20334	-0.04022
1684	9.415	-0.20314	-0.03975
1685	9.42	-0.20294	-0.03929
1686	9.425	-0.20275	-0.03882
1687	9.43	-0.20256	-0.03836
1688	9.435	-0.20237	-0.03789
1689	9.44	-0.20218	-0.03743
1690	9.445	-0.20199	-0.03697
1691	9.45	-0.20181	-0.03651
1692	9.455	-0.20163	-0.03605
1693	9.46	-0.20145	-0.03559
1694	9.465	-0.20127	-0.03514
1695	9.47	-0.2011	-0.03468
1696	9.475	-0.20092	-0.03423
1697	9.48	-0.20075	-0.03378
1698	9.485	-0.20059	-0.03333
1699	9.49	-0.20042	-0.03288
1700	9.495	-0.20026	-0.03244
1701	9.5	-0.2001	-0.03199
1702	9.505	-0.19994	-0.03155
1703	9.51	-0.19978	-0.03111
1704	9.515	-0.19963	-0.03068
1705	9.52	-0.19947	-0.03024
1706	9.525	-0.19932	-0.02981
1707	9.53	-0.19918	-0.02938
1708	9.535	-0.19903	-0.02896
1709	9.54	-0.19889	-0.02853
1710	9.545	-0.19874	-0.02811
1711	9.55	-0.1986	-0.02769
1712	9.555	-0.19847	-0.02728
1713	9.56	-0.19833	-0.02687
1714	9.565	-0.1982	-0.02646
1715	9.57	-0.19807	-0.02606
1716	9.575	-0.19794	-0.02566
1717	9.58	-0.19781	-0.02526
1718	9.585	-0.19769	-0.02487
1719	9.59	-0.19756	-0.02448
1720	9.595	-0.19744	-0.02409
1721	9.6	-0.19732	-0.02371
1722	9.605	-0.1972	-0.02334
1723	9.61	-0.19709	-0.02297
1724	9.615	-0.19697	-0.0226
1725	9.62	-0.19686	-0.02224
1726	9.625	-0.19675	-0.02189
1727	9.63	-0.19664	-0.02154
1728	9.635	-0.19654	-0.0212
1729	9.64	-0.19643	-0.02087
1730	9.645	-0.19633	-0.02054
1731	9.65	-0.19623	-0.02021
1732	9.655	-0.19612	-0.01989
1733	9.66	-0.19603	-0.01958
1734	9.665	-0.19593	-0.01928
1735	9.67	-0.19583	-0.01898
1736	9.675	-0.19574	-0.01869
1737	9.68	-0.19565	-0.0184
1738	9.685	-0.19556	-0.01812
1739	9.69	-0.19547	-0.01785
1740	9.695	-0.19538	-0.01758
1741	9.7	-0.19529	-0.01732
1742	9.705	-0.1952	-0.01706
1743	9.71	-0.19512	-0.01681
1744	9.715	-0.19504	-0.01656
1745	9.72	-0.19495	-0.01632
1746	9.725	-0.19487	-0.01609
1747	9.73	-0.19479	-0.01585
1748	9.735	-0.19471	-0.01563
1749	9.74	-0.19464	-0.01541
1750	9.745	-0.19456	-0.01519
1751	9.75	-0.19448	-0.01498
1752	9.755	-0.19441	-0.01477
1753	9.76	-0.19434	-0.01457
1754	9.765	-0.19426	-0.01437
1755	9.77	-0.19419	-0.01418
1756	9.775	-0.19412	-0.01399
1757	9.78	-0.19405	-0.0138
1758	9.785	-0.19398	-0.01362
1759	9.79	-0.19392	-0.01345
1760	9.795	-0.19385	-0.01328
1761	9.8	-0.19378	-0.01312
1762	9.805	-0.19372	-0.01296
1763	9.81	-0.19365	-0.01281
1764	9.815	-0.19359	-0.01266
1765	9.82	-0.19353	-0.01252
1766	9.825	-0.19347	-0.01238
1767	9.83	-0.1934	-0.01226
1768	9.835	-0.19334	-0.01213
1769	9.84	-0.19328	-0.01202
1770	9.845	-0.19322	-0.01191
1771	9.85	-0.19316	-0.0118
1772	9.855	-0.1931	-0.01171
1773	9.86	-0.19305	-0.01162
1774	9.865	-0.19299	-0.01154
1775	9.87	-0.19293	-0.01146
1776	9.875	-0.19287	-0.01139
1777	9.88	-0.19282	-0.01133
1778	9.885	-0.19276	-0.01127
1779	9.89	-0.1927	-0.01122
1780	9.895	-0.19265	-0.01118
1781	9.9	-0.19259	-0.01114
1782	9.905	-0.19254	-0.01111
1783	9.91	-0.19248	-0.01109
1784	9.915	-0.19243	-0.01107
1785	9.92	-0.19237	-0.01105
1786	9.925	-0.19232	-0.01105
1787	9.93	-0.19226	-0.01104
1788	9.935	-0.19221	-0.01105
1789	9.94	-0.19215	-0.01106
1790	9.945	-0.19209	-0.01107
1791	9.95	-0.19204	-0.01109
1792	9.955	-0.19198	-0.01111
1793	9.96	-0.19193	-0.01114
1794	9.965	-0.19187	-0.01118
1795	9.97	-0.19182	-0.01122
1796	9.975	-0.19176	-0.01126
1797	9.98	-0.1917	-0.01131
1798	9.985	-0.19165	-0.01137
1799	9.99	-0.19159	-0.01143
1800	9.995	-0.19153	-0.01149
1801	10	-0.19148	-0.01156
1802	10.005	-0.19142	-0.01164
1803	10.01	-0.19136	-0.01172
1804	10.015	-0.1913	-0.0118
1805	10.02	-0.19124	-0.01189
1806	10.025	-0.19118	-0.01198
1807	10.03	-0.19112	-0.01208
1808	10.035	-0.19106	-0.01218
1809	10.04	-0.191	-0.01229
1810	10.045	-0.19094	-0.0124
1811	10.05	-0.19087	-0.01252
1812	10.055	-0.19081	-0.01264
1813	10.06	-0.19075	-0.01277
1814	10.065	-0.19068	-0.0129
1815	10.07	-0.19062	-0.01304
1816	10.075	-0.19055	-0.01318
1817	10.08	-0.19049	-0.01332
1818	10.085	-0.19042	-0.01347
1819	10.09	-0.19035	-0.01363
1820	10.095	-0.19028	-0.01379
1821	10.1	-0.19022	-0.01395
1822	10.105	-0.19014	-0.01412
1823	10.11	-0.19007	-0.0143
1824	10.115	-0.19	-0.01448
1825	10.12	-0.18993	-0.01466
1826	10.125	-0.18986	-0.01485
1827	10.13	-0.18978	-0.01504
1828	10.135	-0.1897	-0.01523
1829	10.14	-0.18963	-0.01543
1830	10.145	-0.18955	-0.01563
1831	10.15	-0.18947	-0.01584
1832	10.155	-0.18939	-0.01605
1833	10.16	-0.18931	-0.01626
1834	10.165	-0.18923	-0.01648
1835	10.17	-0.18915	-0.0167
1836	10.175	-0.18906	-0.01693
1837	10.18	-0.18898	-0.01715
1838	10.185	-0.18889	-0.01738
1839	10.19	-0.1888	-0.01762
1840	10.195	-0.18871	-0.01785
1841	10.2	-0.18862	-0.01809
1842	10.205	-0.18853	-0.01834
1843	10.21	-0.18844	-0.01858
1844	10.215	-0.18835	-0.01883
1845	10.22	-0.18825	-0.01909
1846	10.225	-0.18816	-0.01934
1847	10.23	-0.18806	-0.0196
1848	10.235	-0.18796	-0.01987
1849	10.24	-0.18786	-0.02014
1850	10.245	-0.18776	-0.02041
1851	10.25	-0.18766	-0.02068
1852	10.255	-0.18755	-0.02096
1853	10.26	-0.18745	-0.02124
1854	10.265	-0.18734	-0.02153
1855	10.27	-0.18723	-0.02182
1856	10.275	-0.18712	-0.02211
1857	10.28	-0.18701	-0.02241
1858	10.285	-0.1869	-0.02271
1859	10.29	-0.18678	-0.02301
1860	10.295	-0.18667	-0.02332
1861	10.3	-0.18655	-0.02363
1862	10.305	-0.18643	-0.02395
1863	10.31	-0.18631	-0.02426
1864	10.315	-0.18619	-0.02458
1865	10.32	-0.18607	-0.02491
1866	10.325	-0.18594	-0.02523
1867	10.33	-0.18581	-0.02556
1868	10.335	-0.18568	-0.02589
1869	10.34	-0.18555	-0.02623
1870	10.345	-0.18542	-0.02656
1871	10.35	-0.18529	-0.0269
1872	10.355	-0.18515	-0.02724
1873	10.36	-0.18502	-0.02758
1874	10.365	-0.18488	-0.02793
1875	10.37	-0.18474	-0.02828
1876	10.375	-0.18459	-0.02862
1877	10.38	-0.18445	-0.02897
1878	10.385	-0.1843	-0.02932
1879	10.39	-0.18416	-0.02967
1880	10.395	-0.18401	-0.03003
1881	10.4	-0.18386	-0.03038
1882	10.405	-0.1837	-0.03073
1883	10.41	-0.18355	-0.03108
1884	10.415	-0.18339	-0.03143
1885	10.42	-0.18324	-0.03178
1886	10.425	-0.18308	-0.03214
1887	10.43	-0.18291	-0.03249
1888	10.435	-0.18275	-0.03284
1889	10.44	-0.18259	-0.03319
1890	10.445	-0.18242	-0.03354
1891	10.45	-0.18225	-0.03389
1892	10.455	-0.18208	-0.03424
1893	10.46	-0.18191	-0.03459
1894	10.465	-0.18173	-0.03493
1895	10.47	-0.18156	-0.03528
1896	10.475	-0.18138	-0.03563
1897	10.48	-0.1812	-0.03598
1898	10.485	-0.18102	-0.03632
1899	10.49	-0.18084	-0.03667
1900	10.495	-0.18065	-0.03702
1901	10.5	-0.18047	-0.03736
1902	10.505	-0.18028	-0.0377
1903	10.51	-0.18009	-0.03805
1904	10.515	-0.1799	-0.03839
1905	10.52	-0.17971	-0.03873
1906	10.525	-0.17951	-0.03908
1907	10.53	-0.17932	-0.03942
1908	10.535	-0.17912	-0.03976
1909	10.54	-0.17892	-0.04009
1910	10.545	-0.17872	-0.04043
1911	10.55	-0.17852	-0.04077
1912	10.555	-0.17831	-0.0411
1913	10.56	-0.1781	-0.04144
1914	10.565	-0.1779	-0.04177
1915	10.57	-0.17769	-0.0421
1916	10.575	-0.17748	-0.04243
1917	10.58	-0.17726	-0.04276
1918	10.585	-0.17705	-0.04308
1919	10.59	-0.17683	-0.04341
1920	10.595	-0.17661	-0.04373
1921	10.6	-0.17639	-0.04405
1922	10.605	-0.17617	-0.04437
1923	10.61	-0.17595	-0.04468
1924	10.615	-0.17573	-0.045
1925	10.62	-0.1755	-0.0453
1926	10.625	-0.17527	-0.04561
1927	10.63	-0.17504	-0.04591
1928	10.635	-0.17481	-0.04621
1929	10.64	-0.17458	-0.04651
1930	10.645	-0.17435	-0.0468
1931	10.65	-0.17411	-0.04709
1932	10.655	-0.17388	-0.04737
1933	10.66	-0.17364	-0.04765
1934	10.665	-0.1734	-0.04793
1935	10.67	-0.17316	-0.0482
1936	10.675	-0.17292	-0.04846
1937	10.68	-0.17268	-0.04872
1938	10.685	-0.17243	-0.04898
1939	10.69	-0.17219	-0.04923
1940	10.695	-0.17194	-0.04948
1941	10.7	-0.17169	-0.04972
1942	10.705	-0.17144	-0.04995
1943	10.71	-0.17119	-0.05019
1944	10.715	-0.17094	-0.05041
1945	10.72	-0.17069	-0.05063
1946	10.725	-0.17043	-0.05085
1947	10.73	-0.17018	-0.05106
1948	10.735	-0.16992	-0.05127
1949	10.74	-0.16967	-0.05147
1950	10.745	-0.16941	-0.05167
1951	10.75	-0.16915	-0.05186
1952	10.755	-0.16889	-0.05205
1953	10.76	-0.16863	-0.05223
1954	10.765	-0.16837	-0.05241
1955	10.77	-0.16811	-0.05258
1956	10.775	-0.16784	-0.05275
1957	10.78	-0.16758	-0.05292
1958	10.785	-0.16731	-0.05308
1959	10.79	-0.16705	-0.05324
1960	10.795	-0.16678	-0.0534
1961	10.8	-0.16651	-0.05355
1962	10.805	-0.16625	-0.0537
1963	10.81	-0.16598	-0.05384
1964	10.815	-0.16571	-0.05399
1965	10.82	-0.16544	-0.05412
1966	10.825	-0.16517	-0.05426
1967	10.83	-0.16489	-0.05439
1968	10.835	-0.16462	-0.05452
1969	10.84	-0.16435	-0.05465
1970	10.845	-0.16408	-0.05478
1971	10.85	-0.1638	-0.0549
1972	10.855	-0.16353	-0.05502
1973	10.86	-0.16325	-0.05513
1974	10.865	-0.16298	-0.05525
1975	10.87	-0.1627	-0.05536
1976	10.875	-0.16242	-0.05547
1977	10.88	-0.16214	-0.05557
1978	10.885	-0.16187	-0.05568
1979	10.89	-0.16159	-0.05578
1980	10.895	-0.16131	-0.05587
1981	10.9	-0.16103	-0.05597
1982	10.905	-0.16075	-0.05606
1983	10.91	-0.16047	-0.05615
1984	10.915	-0.16019	-0.05624
1985	10.92	-0.15991	-0.05633
1986	10.925	-0.15962	-0.05641
1987	10.93	-0.15934	-0.05649
1988	10.935	-0.15906	-0.05657
1989	10.94	-0.15878	-0.05664
1990	10.945	-0.15849	-0.05672
1991	10.95	-0.15821	-0.05679
1992	10.955	-0.15792	-0.05686
1993	10.96	-0.15764	-0.05692
1994	10.965	-0.15736	-0.05699
1995	10.97	-0.15707	-0.05705
1996	10.975	-0.15678	-0.05712
1997	10.98	-0.1565	-0.05718
1998	10.985	-0.15621	-0.05724
1999	10.99	-0.15593	-0.0573
2000	10.995	-0.15564	-0.05736
2001	11	-0.15535	-0.05743
2002	11.005	-0.15507	-0.05749
2003	11.01	-0.15478	-0.05756
2004	11.015	-0.15449	-0.05762
2005	11.02	-0.1542	-0.05769
2006	11.025	-0.15391	-0.05776
2007	11.03	-0.15362	-0.05783
2008	11.035	-0.15333	-0.0579
2009	11.04	-0.15305	-0.05798
2010	11.045	-0.15276	-0.05805
2011	11.05	-0.15246	-0.05813
2012	11.055	-0.15217	-0.05822
2013	11.06	-0.15188	-0.0583
2014	11.065	-0.15159	-0.05839
2015	11.07	-0.1513	-0.05848
2016	11.075	-0.15101	-0.05858
2017	11.08	-0.15071	-0.05867
2018	11.085	-0.15042	-0.05878
2019	11.09	-0.15013	-0.05888
2020	11.095	-0.14983	-0.05899
2021	11.1	-0.14954	-0.0591
2022	11.105	-0.14924	-0.05922
2023	11.11	-0.14894	-0.05934
2024	11.115	-0.14865	-0.05946
2025	11.12	-0.14835	-0.05959
2026	11.125	-0.14805	-0.05972
2027	11.13	-0.14775	-0.05986
2028	11.135	-0.14745	-0.06
2029	11.14	-0.14715	-0.06014
2030	11.145	-0.14685	-0.06028
2031	11.15	-0.14655	-0.06043
2032	11.155	-0.14625	-0.06058
2033	11.16	-0.14594	-0.06073
2034	11.165	-0.14564	-0.06089
2035	11.17	-0.14533	-0.06105
2036	11.175	-0.14503	-0.06121
2037	11.18	-0.14472	-0.06137
2038	11.185	-0.14441	-0.06153
2039	11.19	-0.14411	-0.06169
2040	11.195	-0.1438	-0.06186
2041	11.2	-0.14349	-0.06202
2042	11.205	-0.14318	-0.06219
2043	11.21	-0.14287	-0.06236
2044	11.215	-0.14255	-0.06252
2045	11.22	-0.14224	-0.06269
2046	11.225	-0.14193	-0.06286
2047	11.23	-0.14161	-0.06302
2048	11.235	-0.1413	-0.06319
2049	11.24	-0.14098	-0.06336
2050	11.245	-0.14066	-0.06352
2051	11.25	-0.14034	-0.06369
2052	11.255	-0.14003	-0.06385
2053	11.26	-0.13971	-0.06401
2054	11.265	-0.13939	-0.06418
2055	11.27	-0.13906	-0.06434
2056	11.275	-0.13874	-0.0645
2057	11.28	-0.13842	-0.06466
2058	11.285	-0.1381	-0.06482
2059	11.29	-0.13777	-0.06498
2060	11.295	-0.13745	-0.06514
2061	11.3	-0.13712	-0.06529
2062	11.305	-0.13679	-0.06545
2063	11.31	-0.13647	-0.06561
2064	11.315	-0.13614	-0.06576
2065	11.32	-0.13581	-0.06592
2066	11.325	-0.13548	-0.06607
2067	11.33	-0.13515	-0.06623
2068	11.335	-0.13482	-0.06638
2069	11.34	-0.13448	-0.06653
2070	11.345	-0.13415	-0.06668
2071	11.35	-0.13382	-0.06683
2072	11.355	-0.13348	-0.06698
2073	11.36	-0.13315	-0.06713
2074	11.365	-0.13281	-0.06728
2075	11.37	-0.13247	-0.06742
2076	11.375	-0.13214	-0.06757
2077	11.38	-0.1318	-0.06771
2078	11.385	-0.13146	-0.06785
2079	11.39	-0.13112	-0.06799
2080	11.395	-0.13078	-0.06813
2081	11.4	-0.13044	-0.06827
2082	11.405	-0.1301	-0.06841
2083	11.41	-0.12975	-0.06854
2084	11.415	-0.12941	-0.06867
2085	11.42	-0.12907	-0.0688
2086	11.425	-0.12872	-0.06893
2087	11.43	-0.12838	-0.06906
2088	11.435	-0.12803	-0.06919
2089	11.44	-0.12769	-0.06931
2090	11.445	-0.12734	-0.06943
2091	11.45	-0.12699	-0.06955
2092	11.455	-0.12664	-0.06967
2093	11.46	-0.1263	-0.06979
2094	11.465	-0.12595	-0.06991
2095	11.47	-0.1256	-0.07002
2096	11.475	-0.12525	-0.07014
2097	11.48	-0.1249	-0.07025
2098	11.485	-0.12454	-0.07036
2099	11.49	-0.12419	-0.07047
2100	11.495	-0.12384	-0.07059
2101	11.5	-0.12349	-0.0707
2102	11.505	-0.12313	-0.07081
2103	11.51	-0.12278	-0.07092
2104	11.515	-0.12242	-0.07103
2105	11.52	-0.12207	-0.07115
2106	11.525	-0.12171	-0.07126
2107	11.53	-0.12135	-0.07137
2108	11.535	-0.121	-0.07148
2109	11.54	-0.12064	-0.0716
2110	11.545	-0.12028	-0.07171
2111	11.55	-0.11992	-0.07182
2112	11.555	-0.11956	-0.07194
2113	11.56	-0.1192	-0.07205
2114	11.565	-0.11884	-0.07217
2115	11.57	-0.11848	-0.07228
2116	11.575	-0.11812	-0.0724
2117	11.58	-0.11776	-0.07251
2118	11.585	-0.11739	-0.07263
2119	11.59	-0.11703	-0.07274
2120	11.595	-0.11667	-0.07286
2121	11.6	-0.1163	-0.07297
2122	11.605	-0.11594	-0.07309
2123	11.61	-0.11557	-0.0732
2124	11.615	-0.11521	-0.07331
2125	11.62	-0.11484	-0.07343
2126	11.625	-0.11447	-0.07354
2127	11.63	-0.1141	-0.07365
2128	11.635	-0.11373	-0.07376
2129	11.64	-0.11337	-0.07387
2130	11.645	-0.113	-0.07399
2131	11.65	-0.11263	-0.0741
2132	11.655	-0.11226	-0.07421
2133	11.66	-0.11188	-0.07432
2134	11.665	-0.11151	-0.07443
2135	11.67	-0.11114	-0.07453
2136	11.675	-0.11077	-0.07464
2137	11.68	-0.11039	-0.07475
2138	11.685	-0.11002	-0.07486
2139	11.69	-0.10964	-0.07497
2140	11.695	-0.10927	-0.07507
2141	11.7	-0.10889	-0.07518
2142	11.705	-0.10852	-0.07528
2143	11.71	-0.10814	-0.07539
2144	11.715	-0.10776	-0.07549
2145	11.72	-0.10739	-0.0756
2146	11.725	-0.10701	-0.0757
2147	11.73	-0.10663	-0.0758
2148	11.735	-0.10625	-0.07591
2149	11.74	-0.10587	-0.07601
2150	11.745	-0.10549	-0.07611
2151	11.75	-0.10511	-0.07621
2152	11.755	-0.10473	-0.07631
2153	11.76	-0.10435	-0.07641
2154	11.765	-0.10396	-0.07651
2155	11.77	-0.10358	-0.07661
2156	11.775	-0.1032	-0.07671
2157	11.78	-0.10281	-0.0768
2158	11.785	-0.10243	-0.0769
2159	11.79	-0.10204	-0.077
2160	11.795	-0.10166	-0.07709
2161	11.8	-0.10127	-0.07718
2162	11.805	-0.10089	-0.07728
2163	11.81	-0.1005	-0.07737
2164	11.815	-0.10011	-0.07746
2165	11.82	-0.09973	-0.07755
2166	11.825	-0.09934	-0.07764
2167	11.83	-0.09895	-0.07773
2168	11.835	-0.09856	-0.07782
2169	11.84	-0.09817	-0.07791
2170	11.845	-0.09778	-0.078
2171	11.85	-0.09739	-0.07808
2172	11.855	-0.097	-0.07817
2173	11.86	-0.09661	-0.07825
2174	11.865	-0.09622	-0.07833
2175	11.87	-0.09583	-0.07841
2176	11.875	-0.09543	-0.07849
2177	11.88	-0.09504	-0.07857
2178	11.885	-0.09465	-0.07865
2179	11.89	-0.09426	-0.07873
2180	11.895	-0.09386	-0.0788
2181	11.9	-0.09347	-0.07887
2182	11.905	-0.09307	-0.07895
2183	11.91	-0.09268	-0.07902
2184	11.915	-0.09228	-0.07909
2185	11.92	-0.09189	-0.07915
2186	11.925	-0.09149	-0.07922
2187	11.93	-0.09109	-0.07929
2188	11.935	-0.0907	-0.07935
2189	11.94	-0.0903	-0.07941
2190	11.945	-0.0899	-0.07947
2191	11.95	-0.08951	-0.07953
2192	11.955	-0.08911	-0.07959
2193	11.96	-0.08871	-0.07964
2194	11.965	-0.08831	-0.0797
2195	11.97	-0.08791	-0.07975
2196	11.975	-0.08751	-0.0798
2197	11.98	-0.08712	-0.07985
2198	11.985	-0.08672	-0.0799
2199	11.99	-0.08632	-0.07994
2200	11.995	-0.08592	-0.07998
2201	12	-0.08552	-0.08003
2202	12.005	-0.08512	-0.08007
2203	12.01	-0.08472	-0.0801
2204	12.015	-0.08432	-0.08014
2205	12.02	-0.08392	-0.08017
2206	12.025	-0.08351	-0.0802
2207	12.03	-0.08311	-0.08023
2208	12.035	-0.08271	-0.08026
2209	12.04	-0.08231	-0.08029
2210	12.045	-0.08191	-0.08031
2211	12.05	-0.08151	-0.08033
2212	12.055	-0.08111	-0.08035
2213	12.06	-0.0807	-0.08037
2214	12.065	-0.0803	-0.08038
2215	12.07	-0.0799	-0.0804
2216	12.075	-0.0795	-0.08041
2217	12.08	-0.0791	-0.08041
2218	12.085	-0.07869	-0.08042
2219	12.09	-0.07829	-0.08042
2220	12.095	-0.07789	-0.08042
2221	12.1	-0.07749	-0.08042
2222	12.105	-0.07709	-0.08042
2223	12.11	-0.07668	-0.08041
2224	12.115	-0.07628	-0.0804
2225	12.12	-0.07588	-0.08039
2226	12.125	-0.07548	-0.08038
2227	12.13	-0.07508	-0.08036
2228	12.135	-0.07467	-0.08034
2229	12.14	-0.07427	-0.08032
2230	12.145	-0.07387	-0.08029
2231	12.15	-0.07347	-0.08026
2232	12.155	-0.07307	-0.08024
2233	12.16	-0.07267	-0.0802
2234	12.165	-0.07227	-0.08017
2235	12.17	-0.07187	-0.08013
2236	12.175	-0.07146	-0.08009
2237	12.18	-0.07106	-0.08005
2238	12.185	-0.07066	-0.08
2239	12.19	-0.07026	-0.07995
2240	12.195	-0.06986	-0.0799
2241	12.2	-0.06947	-0.07985
2242	12.205	-0.06907	-0.0798
2243	12.21	-0.06867	-0.07974
2244	12.215	-0.06827	-0.07968
2245	12.22	-0.06787	-0.07962
2246	12.225	-0.06747	-0.07955
2247	12.23	-0.06707	-0.07949
2248	12.235	-0.06668	-0.07942
2249	12.24	-0.06628	-0.07935
2250	12.245	-0.06588	-0.07927
2251	12.25	-0.06549	-0.0792
2252	12.255	-0.06509	-0.07912
2253	12.26	-0.0647	-0.07904
2254	12.265	-0.0643	-0.07895
2255	12.27	-0.06391	-0.07887
2256	12.275	-0.06351	-0.07878
2257	12.28	-0.06312	-0.07869
2258	12.285	-0.06273	-0.0786
2259	12.29	-0.06233	-0.07851
2260	12.295	-0.06194	-0.07841
2261	12.3	-0.06155	-0.07832
2262	12.305	-0.06116	-0.07822
2263	12.31	-0.06077	-0.07812
2264	12.315	-0.06038	-0.07801
2265	12.32	-0.05999	-0.07791
2266	12.325	-0.0596	-0.0778
2267	12.33	-0.05921	-0.07769
2268	12.335	-0.05882	-0.07758
2269	12.34	-0.05843	-0.07747
2270	12.345	-0.05805	-0.07736
2271	12.35	-0.05766	-0.07724
2272	12.355	-0.05727	-0.07712
2273	12.36	-0.05689	-0.077
2274	12.365	-0.0565	-0.07688
2275	12.37	-0.05612	-0.07676
2276	12.375	-0.05574	-0.07664
2277	12.38	-0.05535	-0.07651
2278	12.385	-0.05497	-0.07638
2279	12.39	-0.05459	-0.07625
2280	12.395	-0.05421	-0.07612
2281	12.4	-0.05383	-0.07599
2282	12.405	-0.05345	-0.07586
2283	12.41	-0.05307	-0.07573
2284	12.415	-0.05269	-0.07559
2285	12.42	-0.05231	-0.07545
2286	12.425	-0.05194	-0.07531
2287	12.43	-0.05156	-0.07518
2288	12.435	-0.05118	-0.07503
2289	12.44	-0.05081	-0.07489
2290	12.445	-0.05044	-0.07475
2291	12.45	-0.05006	-0.07461
2292	12.455	-0.04969	-0.07446
2293	12.46	-0.04932	-0.07431
2294	12.465	-0.04895	-0.07417
2295	12.47	-0.04858	-0.07402
2296	12.475	-0.04821	-0.07387
2297	12.48	-0.04784	-0.07372
2298	12.485	-0.04747	-0.07356
2299	12.49	-0.0471	-0.07341
2300	12.495	-0.04674	-0.07325
2301	12.5	-0.04637	-0.0731
2302	12.505	-0.046	-0.07294
2303	12.51	-0.04564	-0.07278
2304	12.515	-0.04528	-0.07262
2305	12.52	-0.04491	-0.07246
2306	12.525	-0.04455	-0.0723
2307	12.53	-0.04419	-0.07214
2308	12.535	-0.04383	-0.07197
2309	12.54	-0.04347	-0.0718
2310	12.545	-0.04311	-0.07164
2311	12.55	-0.04275	-0.07147
2312	12.555	-0.0424	-0.0713
2313	12.56	-0.04204	-0.07112
2314	12.565	-0.04169	-0.07095
2315	12.57	-0.04133	-0.07078
2316	12.575	-0.04098	-0.0706
2317	12.58	-0.04063	-0.07042
2318	12.585	-0.04027	-0.07024
2319	12.59	-0.03992	-0.07006
2320	12.595	-0.03957	-0.06987
2321	12.6	-0.03923	-0.06969
2322	12.605	-0.03888	-0.0695
2323	12.61	-0.03853	-0.06931
2324	12.615	-0.03818	-0.06912
2325	12.62	-0.03784	-0.06893
2326	12.625	-0.03749	-0.06873
2327	12.63	-0.03715	-0.06854
2328	12.635	-0.03681	-0.06834
2329	12.64	-0.03647	-0.06813
2330	12.645	-0.03613	-0.06793
2331	12.65	-0.03579	-0.06773
2332	12.655	-0.03545	-0.06752
2333	12.66	-0.03511	-0.06731
2334	12.665	-0.03478	-0.06709
2335	12.67	-0.03444	-0.06688
2336	12.675	-0.03411	-0.06666
2337	12.68	-0.03378	-0.06644
2338	12.685	-0.03344	-0.06622
2339	12.69	-0.03311	-0.06599
2340	12.695	-0.03278	-0.06577
2341	12.7	-0.03246	-0.06554
2342	12.705	-0.03213	-0.0653
2343	12.71	-0.0318	-0.06507
2344	12.715	-0.03148	-0.06483
2345	12.72	-0.03116	-0.06459
2346	12.725	-0.03083	-0.06435
2347	12.73	-0.03051	-0.0641
2348	12.735	-0.03019	-0.06385
2349	12.74	-0.02987	-0.0636
2350	12.745	-0.02956	-0.06334
2351	12.75	-0.02924	-0.06308
2352	12.755	-0.02892	-0.06282
2353	12.76	-0.02861	-0.06256
2354	12.765	-0.0283	-0.06229
2355	12.77	-0.02799	-0.06202
2356	12.775	-0.02768	-0.06175
2357	12.78	-0.02737	-0.06147
2358	12.785	-0.02706	-0.06119
2359	12.79	-0.02676	-0.06091
2360	12.795	-0.02646	-0.06063
2361	12.8	-0.02615	-0.06034
2362	12.805	-0.02585	-0.06005
2363	12.81	-0.02555	-0.05975
2364	12.815	-0.02525	-0.05946
2365	12.82	-0.02496	-0.05916
2366	12.825	-0.02466	-0.05885
2367	12.83	-0.02437	-0.05855
2368	12.835	-0.02408	-0.05824
2369	12.84	-0.02379	-0.05793
2370	12.845	-0.0235	-0.05761
2371	12.85	-0.02321	-0.0573
2372	12.855	-0.02293	-0.05698
2373	12.86	-0.02264	-0.05666
2374	12.865	-0.02236	-0.05633
2375	12.87	-0.02208	-0.05601
2376	12.875	-0.0218	-0.05568
2377	12.88	-0.02152	-0.05535
2378	12.885	-0.02125	-0.05501
2379	12.89	-0.02097	-0.05468
2380	12.895	-0.0207	-0.05434
2381	12.9	-0.02043	-0.054
2382	12.905	-0.02016	-0.05366
2383	12.91	-0.01989	-0.05332
2384	12.915	-0.01963	-0.05298
2385	12.92	-0.01936	-0.05263
2386	12.925	-0.0191	-0.05229
2387	12.93	-0.01884	-0.05194
2388	12.935	-0.01858	-0.05159
2389	12.94	-0.01832	-0.05124
2390	12.945	-0.01807	-0.05089
2391	12.95	-0.01781	-0.05054
2392	12.955	-0.01756	-0.05019
2393	12.96	-0.01731	-0.04983
2394	12.965	-0.01706	-0.04948
2395	12.97	-0.01682	-0.04913
2396	12.975	-0.01657	-0.04877
2397	12.98	-0.01633	-0.04842
2398	12.985	-0.01609	-0.04806
2399	12.99	-0.01585	-0.04771
2400	12.995	-0.01561	-0.04736
2401	13	-0.01537	-0.047
2402	13.005	-0.01514	-0.04665
2403	13.01	-0.01491	-0.0463
2404	13.015	-0.01468	-0.04595
2405	13.02	-0.01445	-0.04559
2406	13.025	-0.01422	-0.04524
2407	13.03	-0.014	-0.04489
2408	13.035	-0.01377	-0.04455
2409	13.04	-0.01355	-0.0442
2410	13.045	-0.01333	-0.04385
2411	13.05	-0.01311	-0.04351
2412	13.055	-0.0129	-0.04317
2413	13.06	-0.01268	-0.04283
2414	13.065	-0.01247	-0.04249
2415	13.07	-0.01226	-0.04215
2416	13.075	-0.01205	-0.04181
2417	13.08	-0.01184	-0.04148
2418	13.085	-0.01163	-0.04115
2419	13.09	-0.01143	-0.04082
2420	13.095	-0.01122	-0.04049
2421	13.1	-0.01102	-0.04017
2422	13.105	-0.01082	-0.03985
2423	13.11	-0.01062	-0.03953
2424	13.115	-0.01043	-0.03922
2425	13.12	-0.01023	-0.0389
2426	13.125	-0.01004	-0.03859
2427	13.13	-0.00984	-0.03829
2428	13.135	-0.00965	-0.03798
2429	13.14	-0.00946	-0.03768
2430	13.145	-0.00928	-0.03739
2431	13.15	-0.00909	-0.03709
2432	13.155	-0.00891	-0.0368
2433	13.16	-0.00872	-0.03652
2434	13.165	-0.00854	-0.03624
2435	13.17	-0.00836	-0.03596
2436	13.175	-0.00818	-0.03568
2437	13.18	-0.008	-0.03541
2438	13.185	-0.00783	-0.03514
2439	13.19	-0.00765	-0.03488
2440	13.195	-0.00748	-0.03461
2441	13.2	-0.00731	-0.03435
2442	13.205	-0.00714	-0.03408
2443	13.21	-0.00697	-0.03381
2444	13.215	-0.0068	-0.03354
2445	13.22	-0.00663	-0.03327
2446	13.225	-0.00646	-0.03298
2447	13.23	-0.0063	-0.0327
2448	13.235	-0.00614	-0.0324
2449	13.24	-0.00598	-0.0321
2450	13.245	-0.00582	-0.03179
2451	13.25	-0.00566	-0.03147
2452	13.255	-0.0055	-0.03113
2453	13.26	-0.00535	-0.03079
2454	13.265	-0.00519	-0.03044
2455	13.27	-0.00504	-0.03008
2456	13.275	-0.00489	-0.0297
2457	13.28	-0.00475	-0.02932
2458	13.285	-0.0046	-0.02893
2459	13.29	-0.00446	-0.02852
2460	13.295	-0.00431	-0.02811
2461	13.3	-0.00418	-0.02769
2462	13.305	-0.00404	-0.02725
2463	13.31	-0.0039	-0.02681
2464	13.315	-0.00377	-0.02636
2465	13.32	-0.00364	-0.02591
2466	13.325	-0.00351	-0.02544
2467	13.33	-0.00338	-0.02497
2468	13.335	-0.00326	-0.0245
2469	13.34	-0.00314	-0.02402
2470	13.345	-0.00302	-0.02353
2471	13.35	-0.0029	-0.02304
2472	13.355	-0.00279	-0.02255
2473	13.36	-0.00268	-0.02206
2474	13.365	-0.00257	-0.02156
2475	13.37	-0.00246	-0.02107
2476	13.375	-0.00236	-0.02057
2477	13.38	-0.00226	-0.02007
2478	13.385	-0.00216	-0.01958
2479	13.39	-0.00206	-0.01908
2480	13.395	-0.00197	-0.01858
2481	13.4	-0.00188	-0.01809
2482	13.405	-0.00179	-0.0176
2483	13.41	-0.0017	-0.01711
2484	13.415	-0.00162	-0.01662
2485	13.42	-0.00153	-0.01614
2486	13.425	-0.00145	-0.01566
2487	13.43	-0.00138	-0.01518
2488	13.435	-0.0013	-0.0147
2489	13.44	-0.00123	-0.01423
2490	13.445	-0.00116	-0.01376
2491	13.45	-0.00109	-0.01329
2492	13.455	-0.00103	-0.01282
2493	13.46	-9.64161E-4	-0.01236
2494	13.465	-9.03507E-4	-0.0119
2495	13.47	-8.45143E-4	-0.01145
2496	13.475	-7.89053E-4	-0.01099
2497	13.48	-7.35222E-4	-0.01054
2498	13.485	-6.83634E-4	-0.0101
2499	13.49	-6.34269E-4	-0.00965
2500	13.495	-5.87108E-4	-0.00921
2501	13.5	-5.4213E-4	-0.00878
2502	13.505	-4.99312E-4	-0.00835
2503	13.51	-4.58629E-4	-0.00793
2504	13.515	-4.20054E-4	-0.00751
2505	13.52	-3.83556E-4	-0.0071
2506	13.525	-3.49103E-4	-0.00669
2507	13.53	-3.1666E-4	-0.00629
2508	13.535	-2.86189E-4	-0.0059
2509	13.54	-2.57648E-4	-0.00552
2510	13.545	-2.30996E-4	-0.00515
2511	13.55	-2.06183E-4	-0.00478
2512	13.555	-1.8316E-4	-0.00443
2513	13.56	-1.61874E-4	-0.00409
2514	13.565	-1.42269E-4	-0.00376
2515	13.57	-1.24285E-4	-0.00344
2516	13.575	-1.07859E-4	-0.00314
2517	13.58	-9.29282E-5	-0.00284
2518	13.585	-7.94232E-5	-0.00257
2519	13.59	-6.72745E-5	-0.0023
2520	13.595	-5.641E-5	-0.00205
2521	13.6	-4.67554E-5	-0.00182
2522	13.605	-3.82352E-5	-0.0016
2523	13.61	-3.07726E-5	-0.00139
2524	13.615	-2.42901E-5	-0.00121
2525	13.62	-1.87097E-5	-0.00103
2526	13.625	-1.39536E-5	-8.76478E-4
2527	13.63	-9.94488E-6	-7.3462E-4
2528	13.635	-6.60745E-6	-6.07777E-4
2529	13.64	-3.86711E-6	-4.95552E-4
2530	13.645	-1.65192E-6	-3.97432E-4
2531	13.65	1.07212E-7	-3.12793E-4
2532	13.655	1.476E-6	-2.40899E-4
2533	13.66	2.5162E-6	-1.8091E-4
2534	13.665	3.2851E-6	-1.31887E-4
2535	13.67	3.83506E-6	-9.28007E-5
2536	13.675	4.21311E-6	-6.25497E-5
2537	13.68	4.46056E-6	-3.99733E-5
2538	13.685	4.61284E-6	-2.38766E-5
2539	13.69	4.69933E-6	-1.3056E-5
2540	13.695	4.7434E-6	-6.33257E-6
2541	13.7	4.76265E-6	-2.58965E-6
2542	13.705	4.7693E-6	-8.18389E-7
2543	13.71	4.77084E-6	4.7693E-4
2544	13.715	0	4.77084E-4
2545	13.72	0	0
2546	13.725	0	0
2547	13.73	0	0
2548	13.735	0	0
2549	13.74	0	0
2550	13.745	0	0
2551	13.75	0	0
2552	13.755	0	0
2553	13.76	0	0
2554	13.765	0	0
2555	13.77	0	0
2556	13.775	0	0
2557	13.78	0	0
2558	13.785	0	0
2559	13.79	0	0
2560	13.795	0	0
2561	13.8	0	0
2562	13.805	0	0
2563	13.81	0	0
2564	13.815	0	0
2565	13.82	0	0
2566	13.825	0	0
2567	13.83	0	0
2568	13.835	0	0
2569	13.84	0	0
2570	13.845	0	0
2571	13.85	0	0
2572	13.855	0	0
2573	13.86	0	0
2574	13.865	0	0
2575	13.87	0	0
2576	13.875	0	0
2577	13.88	0	0
2578	13.885	0	0
2579	13.89	0	0
2580	13.895	0	0
2581	13.9	0	0
2582	13.905	0	0
2583	13.91	0	0
2584	13.915	0	0
2585	13.92	0	0
2586	13.925	0	0
2587	13.93	0	0
2588	13.935	0	0
2589	13.94	0	0
2590	13.945	0	0
2591	13.95	0	0
2592	13.955	0	0
2593	13.96	0	0
2594	13.965	0	0
2595	13.97	0	0
2596	13.975	0	0
2597	13.98	0	0
2598	13.985	0	0
2599	13.99	0	0
2600	13.995	0	0
2601	14	0	0
2602	14.005	0	0
2603	14.01	0	0
2604	14.015	0	0
2605	14.02	0	0
2606	14.025	0	0
2607	14.03	0	0
2608	14.035	0	0
2609	14.04	0	0
2610	14.045	0	0
2611	14.05	0	0
2612	14.055	0	0
2613	14.06	0	0
2614	14.065	0	0
2615	14.07	0	0
2616	14.075	0	0
2617	14.08	0	0
2618	14.085	0	0
2619	14.09	0	0
2620	14.095	0	0
2621	14.1	0	0
2622	14.105	0	0
2623	14.11	0	0
2624	14.115	0	0
2625	14.12	0	0
2626	14.125	0	0
2627	14.13	0	0
2628	14.135	0	0
2629	14.14	0	0
2630	14.145	0	0
2631	14.15	0	0
2632	14.155	0	0
2633	14.16	0	0
2634	14.165	0	0
2635	14.17	0	0
2636	14.175	0	0
2637	14.18	0	0
2638	14.185	0	0
2639	14.19	0	0
2640	14.195	0	0
2641	14.2	0	0
2642	14.205	0	0
2643	14.21	0	0
2644	14.215	0	0
2645	14.22	0	0
2646	14.225	0	0
2647	14.23	0	0
2648	14.235	0	0
2649	14.24	0	0
2650	14.245	0	0
2651	14.25	0	0
2652	14.255	0	0
2653	14.26	0	0
2654	14.265	0	0
2655	14.27	0	0
2656	14.275	0	0
2657	14.28	0	0
2658	14.285	0	0
2659	14.29	0	0
2660	14.295	0	0
2661	14.3	0	0
2662	14.305	0	0
2663	14.31	0	0
2664	14.315	0	0
2665	14.32	0	0
2666	14.325	0	0
2667	14.33	0	0
2668	14.335	0	0
2669	14.34	0	0
2670	14.345	0	0
2671	14.35	0	0
2672	14.355	0	0
2673	14.36	0	0
2674	14.365	0	0
2675	14.37	0	0
2676	14.375	0	0
2677	14.38	0	0
2678	14.385	0	0
2679	14.39	0	0
2680	14.395	0	0
2681	14.4	0	0
2682	14.405	0	0
2683	14.41	0	0
2684	14.415	0	0
2685	14.42	0	0
2686	14.425	0	0
2687	14.43	0	0
2688	14.435	0	0
2689	14.44	0	0
2690	14.445	0	0
2691	14.45	0	0
2692	14.455	0	0
2693	14.46	0	0
2694	14.465	0	0
2695	14.47	0	0
2696	14.475	0	0
2697	14.48	0	0
2698	14.485	0	0
2699	14.49	0	0
2700	14.495	0	0
2701	14.5	0	0
2702	14.505	0	0
2703	14.51	0	0
2704	14.515	0	0
2705	14.52	0	0
2706	14.525	0	0
2707	14.53	0	0
2708	14.535	0	0
2709	14.54	0	0
2710	14.545	0	0
2711	14.55	0	0
2712	14.555	0	0
2713	14.56	0	0
2714	14.565	0	0
2715	14.57	0	0
2716	14.575	0	0
2717	14.58	0	0
2718	14.585	0	0
2719	14.59	0	0
2720	14.595	0	0
2721	14.6	0	0
2722	14.605	0	0
2723	14.61	0	0
2724	14.615	0	0
2725	14.62	0	0
2726	14.625	0	0
2727	14.63	0	0
2728	14.635	0	0
2729	14.64	0	0
2730	14.645	0	0
2731	14.65	0	0
2732	14.655	0	0
2733	14.66	0	0
2734	14.665	0	0
2735	14.67	0	0
2736	14.675	0	0
2737	14.68	0	0
2738	14.685	0	0
2739	14.69	0	0
2740	14.695	0	0
2741	14.7	0	0
2742	14.705	0	0
2743	14.71	0	0
2744	14.715	0	0
2745	14.72	0	0
2746	14.725	0	0
2747	14.73	0	0
2748	14.735	0	0
2749	14.74	0	0
2750	14.745	0	0
2751	14.75	0	0
2752	14.755	0	0
2753	14.76	0	0
2754	14.765	0	0
2755	14.77	0	0
2756	14.775	0	0
2757	14.78	0	0
2758	14.785	0	0
2759	14.79	0	0
2760	14.795	0	0
2761	14.8	0	0
2762	14.805	0	0
2763	14.81	0	0
2764	14.815	0	0
2765	14.82	0	0
2766	14.825	0	0
2767	14.83	0	0
2768	14.835	0	0
2769	14.84	0	0
2770	14.845	0	0
2771	14.85	0	0
2772	14.855	0	0
2773	14.86	0	0
2774	14.865	0	0
2775	14.87	0	0
2776	14.875	0	0
2777	14.88	0	0
2778	14.885	0	0
2779	14.89	0	0
2780	14.895	0	0
2781	14.9	0	0
2782	14.905	0	0
2783	14.91	0	0
2784	14.915	0	0
2785	14.92	0	0
2786	14.925	0	0
2787	14.93	0	0
2788	14.935	0	0
2789	14.94	0	0
2790	14.945	0	0
2791	14.95	0	0
2792	14.955	0	0
2793	14.96	0	0
2794	14.965	0	0
2795	14.97	0	0
2796	14.975	0	0
2797	14.98	0	0
2798	14.985	0	0
2799	14.99	0	0
2800	14.995	0	0
2801	15	0	0
